 7.00000000e-01  3.47711978e-01  1.59114537e-03 -7.53407332e+00  1.22161832e+03  1.22223107e+03  9.78218640e+02
 7.00000000e-01  3.43156182e-01  1.55640150e-03 -7.36956109e+00  1.22612976e+03  1.22726627e+03  9.81695207e+02
 7.00000000e-01  3.38640702e-01  1.52232918e-03 -7.20822868e+00  1.22824601e+03  1.22956908e+03  9.83250372e+02
 7.00000000e-01  3.34165182e-01  1.48891607e-03 -7.05001761e+00  1.22910500e+03  1.23041050e+03  9.83803078e+02
 7.00000000e-01  3.29729268e-01  1.45615003e-03 -6.89487041e+00  1.22930667e+03  1.23049107e+03  9.83833053e+02
 7.00000000e-01  3.25332609e-01  1.42401915e-03 -6.74273066e+00  1.22933576e+03  1.23039959e+03  9.83756118e+02
 7.00000000e-01  3.20974859e-01  1.39251170e-03 -6.59354290e+00  1.22942947e+03  1.23042570e+03  9.83763665e+02
 7.00000000e-01  3.16655673e-01  1.36161621e-03 -6.44725276e+00  1.22966614e+03  1.23064872e+03  9.83897692e+02
 7.00000000e-01  3.12374710e-01  1.33132139e-03 -6.30380679e+00  1.22995701e+03  1.23095816e+03  9.84081432e+02
 7.00000000e-01  3.08131630e-01  1.30161616e-03 -6.16315251e+00  1.23019161e+03  1.23121130e+03  9.84209850e+02
 7.00000000e-01  3.03926100e-01  1.27248963e-03 -6.02523841e+00  1.23034059e+03  1.23136332e+03  9.84249713e+02
 7.00000000e-01  2.99757787e-01  1.24393112e-03 -5.89001386e+00  1.23056459e+03  1.23160896e+03  9.84320416e+02
 7.00000000e-01  2.95626361e-01  1.21593013e-03 -5.75742918e+00  1.23112378e+03  1.23227137e+03  9.84654694e+02
 7.00000000e-01  2.91531497e-01  1.18847637e-03 -5.62743560e+00  1.23203839e+03  1.23337817e+03  9.85319162e+02
 7.00000000e-01  2.87472869e-01  1.16155970e-03 -5.49998519e+00  1.23309839e+03  1.23466863e+03  9.86167188e+02
 7.00000000e-01  2.83450159e-01  1.13517020e-03 -5.37503089e+00  1.23417188e+03  1.23598035e+03  9.87060806e+02
 7.00000000e-01  2.79463048e-01  1.10929811e-03 -5.25252656e+00  1.23522483e+03  1.23727040e+03  9.87940427e+02
 7.00000000e-01  2.75511220e-01  1.08393384e-03 -5.13242674e+00  1.23622164e+03  1.23849474e+03  9.88771247e+02
 7.00000000e-01  2.71594364e-01  1.05906800e-03 -5.01468698e+00  1.23713832e+03  1.23962367e+03  9.89531432e+02
 7.00000000e-01  2.67712171e-01  1.03469133e-03 -4.89926346e+00  1.23796777e+03  1.24064786e+03  9.90218450e+02
 7.00000000e-01  2.63864333e-01  1.01079478e-03 -4.78611328e+00  1.23871033e+03  1.24156720e+03  9.90834967e+02
 7.00000000e-01  2.60050546e-01  9.87369427e-04 -4.67519424e+00  1.23937311e+03  1.24239018e+03  9.91374243e+02
 7.00000000e-01  2.56270510e-01  9.64406528e-04 -4.56646491e+00  1.23996503e+03  1.24312733e+03  9.91867133e+02
 7.00000000e-01  2.52523925e-01  9.41897502e-04 -4.45988467e+00  1.24049864e+03  1.24379348e+03  9.92323108e+02
 7.00000000e-01  2.48810495e-01  9.19833906e-04 -4.35541354e+00  1.24098693e+03  1.24440381e+03  9.92730567e+02
 7.00000000e-01  2.45129927e-01  8.98207464e-04 -4.25301234e+00  1.24144046e+03  1.24497034e+03  9.93105369e+02
 7.00000000e-01  2.41481931e-01  8.77010046e-04 -4.15264257e+00  1.24186952e+03  1.24550517e+03  9.93460589e+02
 7.00000000e-01  2.37866217e-01  8.56233663e-04 -4.05426640e+00  1.24228100e+03  1.24601625e+03  9.93799138e+02
 7.00000000e-01  2.34282501e-01  8.35870480e-04 -3.95784672e+00  1.24268022e+03  1.24650999e+03  9.94126446e+02
 7.00000000e-01  2.30730499e-01  8.15912800e-04 -3.86334711e+00  1.24307045e+03  1.24699062e+03  9.94447825e+02
 7.00000000e-01  2.27209930e-01  7.96353061e-04 -3.77073174e+00  1.24345334e+03  1.24746057e+03  9.94748701e+02
 7.00000000e-01  2.23720516e-01  7.77183845e-04 -3.67996551e+00  1.24382949e+03  1.24792112e+03  9.95053405e+02
 7.00000000e-01  2.20261982e-01  7.58397860e-04 -3.59101386e+00  1.24419963e+03  1.24837356e+03  9.95358360e+02
 7.00000000e-01  2.16834055e-01  7.39987957e-04 -3.50384297e+00  1.24456423e+03  1.24881901e+03  9.95652284e+02
 7.00000000e-01  2.13436463e-01  7.21947106e-04 -3.41841955e+00  1.24492486e+03  1.24925941e+03  9.95942650e+02
 7.00000000e-01  2.10068937e-01  7.04268408e-04 -3.33471091e+00  1.24528323e+03  1.24969676e+03  9.96231746e+02
 7.00000000e-01  2.06731213e-01  6.86945095e-04 -3.25268502e+00  1.24564195e+03  1.25013388e+03  9.96521999e+02
 7.00000000e-01  2.03423026e-01  6.69970514e-04 -3.17231038e+00  1.24600304e+03  1.25057285e+03  9.96810534e+02
 7.00000000e-01  2.00144115e-01  6.53338133e-04 -3.09355606e+00  1.24636798e+03  1.25101520e+03  9.97098495e+02
 7.00000000e-01  1.96894220e-01  6.37041544e-04 -3.01639171e+00  1.24673690e+03  1.25146110e+03  9.97396528e+02
 7.00000000e-01  1.93673085e-01  6.21074450e-04 -2.94078752e+00  1.24710968e+03  1.25191056e+03  9.97693415e+02
 7.00000000e-01  1.90480456e-01  6.05430672e-04 -2.86671423e+00  1.24748554e+03  1.25236301e+03  9.97992244e+02
 7.00000000e-01  1.87316080e-01  5.90104142e-04 -2.79414311e+00  1.24786385e+03  1.25281802e+03  9.98292919e+02
 7.00000000e-01  1.84179707e-01  5.75088899e-04 -2.72304594e+00  1.24824363e+03  1.25327478e+03  9.98595237e+02
 7.00000000e-01  1.81071090e-01  5.60379096e-04 -2.65339502e+00  1.24862434e+03  1.25373292e+03  9.98897688e+02
 7.00000000e-01  1.77989982e-01  5.45968987e-04 -2.58516315e+00  1.24900537e+03  1.25419186e+03  9.99201227e+02
 7.00000000e-01  1.74936140e-01  5.31852934e-04 -2.51832364e+00  1.24938689e+03  1.25465192e+03  9.99505706e+02
 7.00000000e-01  1.71909323e-01  5.18025401e-04 -2.45285027e+00  1.24976921e+03  1.25511341e+03  9.99811243e+02
 7.00000000e-01  1.68909293e-01  5.04480952e-04 -2.38871731e+00  1.25015260e+03  1.25557658e+03  1.00011775e+03
 7.00000000e-01  1.65935811e-01  4.91214248e-04 -2.32589946e+00  1.25053784e+03  1.25604225e+03  1.00042629e+03
 7.00000000e-01  1.62988642e-01  4.78220050e-04 -2.26437194e+00  1.25092559e+03  1.25651106e+03  1.00073670e+03
 7.00000000e-01  1.60067555e-01  4.65493214e-04 -2.20411037e+00  1.25131634e+03  1.25698346e+03  1.00104978e+03
 7.00000000e-01  1.57172318e-01  4.53028691e-04 -2.14509085e+00  1.25171035e+03  1.25745968e+03  1.00136541e+03
 7.00000000e-01  1.54302702e-01  4.40821516e-04 -2.08728988e+00  1.25210777e+03  1.25793983e+03  1.00168378e+03
 7.00000000e-01  1.51458481e-01  4.28866826e-04 -2.03068442e+00  1.25250841e+03  1.25842369e+03  1.00200483e+03
 7.00000000e-01  1.48639430e-01  4.17159841e-04 -1.97525185e+00  1.25291212e+03  1.25891110e+03  1.00232833e+03
 7.00000000e-01  1.45845326e-01  4.05695867e-04 -1.92096993e+00  1.25331872e+03  1.25940188e+03  1.00265344e+03
 7.00000000e-01  1.43075949e-01  3.94470295e-04 -1.86781684e+00  1.25372777e+03  1.25989557e+03  1.00297841e+03
 7.00000000e-01  1.40331079e-01  3.83478607e-04 -1.81577120e+00  1.25413869e+03  1.26039144e+03  1.00330486e+03
 7.00000000e-01  1.37610500e-01  3.72716356e-04 -1.76481194e+00  1.25455116e+03  1.26088919e+03  1.00363267e+03
 7.00000000e-01  1.34913996e-01  3.62179189e-04 -1.71491846e+00  1.25496456e+03  1.26138809e+03  1.00396138e+03
 7.00000000e-01  1.32241356e-01  3.51862822e-04 -1.66607046e+00  1.25537826e+03  1.26188747e+03  1.00429045e+03
 7.00000000e-01  1.29592367e-01  3.41763056e-04 -1.61824807e+00  1.25579177e+03  1.26238679e+03  1.00461949e+03
 7.00000000e-01  1.26966820e-01  3.31875765e-04 -1.57143175e+00  1.25620523e+03  1.26288628e+03  1.00494870e+03
 7.00000000e-01  1.24364507e-01  3.22196900e-04 -1.52560232e+00  1.25661790e+03  1.26338504e+03  1.00527746e+03
 7.00000000e-01  1.21785224e-01  3.12722485e-04 -1.48074097e+00  1.25702910e+03  1.26388239e+03  1.00560541e+03
 7.00000000e-01  1.19228767e-01  3.03448618e-04 -1.43682921e+00  1.25744005e+03  1.26437969e+03  1.00593329e+03
 7.00000000e-01  1.16694933e-01  2.94371469e-04 -1.39384890e+00  1.25784932e+03  1.26487532e+03  1.00626016e+03
 7.00000000e-01  1.14183521e-01  2.85487274e-04 -1.35178224e+00  1.25825637e+03  1.26536855e+03  1.00658545e+03
 7.00000000e-01  1.11694335e-01  2.76792343e-04 -1.31061175e+00  1.25866101e+03  1.26585920e+03  1.00690908e+03
 7.00000000e-01  1.09227177e-01  2.68283053e-04 -1.27032026e+00  1.25906297e+03  1.26634695e+03  1.00723073e+03
 7.00000000e-01  1.06781852e-01  2.59955842e-04 -1.23089091e+00  1.25946232e+03  1.26683187e+03  1.00755056e+03
 7.00000000e-01  1.04358166e-01  2.51807221e-04 -1.19230719e+00  1.25985901e+03  1.26731374e+03  1.00786836e+03
 7.00000000e-01  1.01955929e-01  2.43833758e-04 -1.15455285e+00  1.26025163e+03  1.26779098e+03  1.00818309e+03
 7.00000000e-01  9.95749511e-02  2.36032089e-04 -1.11761194e+00  1.26063966e+03  1.26826299e+03  1.00849429e+03
 7.00000000e-01  9.72150433e-02  2.28398910e-04 -1.08146884e+00  1.26102281e+03  1.26872948e+03  1.00880180e+03
 7.00000000e-01  9.48760195e-02  2.20930977e-04 -1.04610818e+00  1.26140148e+03  1.26919088e+03  1.00910589e+03
 7.00000000e-01  9.25576948e-02  2.13625107e-04 -1.01151488e+00  1.26177573e+03  1.26964728e+03  1.00940664e+03
 7.00000000e-01  9.02598862e-02  2.06478173e-04 -9.77674150e-01  1.26214548e+03  1.27009856e+03  1.00970398e+03
 7.00000000e-01  8.79824120e-02  1.99487109e-04 -9.44571460e-01  1.26250986e+03  1.27054361e+03  1.00999711e+03
 7.00000000e-01  8.57250924e-02  1.92648902e-04 -9.12192552e-01  1.26286856e+03  1.27098199e+03  1.01028575e+03
 7.00000000e-01  8.34877489e-02  1.85960597e-04 -8.80523428e-01  1.26322155e+03  1.27141362e+03  1.01056992e+03
 7.00000000e-01  8.12702047e-02  1.79419292e-04 -8.49550350e-01  1.26356865e+03  1.27183831e+03  1.01084937e+03
 7.00000000e-01  7.90722848e-02  1.73022140e-04 -8.19259831e-01  1.26390977e+03  1.27225594e+03  1.01112406e+03
 7.00000000e-01  7.68938153e-02  1.66766343e-04 -7.89638634e-01  1.26424501e+03  1.27266661e+03  1.01139413e+03
 7.00000000e-01  7.47346241e-02  1.60649158e-04 -7.60673765e-01  1.26457380e+03  1.27306960e+03  1.01165898e+03
 7.00000000e-01  7.25945408e-02  1.54667892e-04 -7.32352469e-01  1.26489555e+03  1.27346417e+03  1.01191820e+03
 7.00000000e-01  7.04733961e-02  1.48819900e-04 -7.04662228e-01  1.26521008e+03  1.27385009e+03  1.01217156e+03
 7.00000000e-01  6.83710224e-02  1.43102588e-04 -6.77590754e-01  1.26551712e+03  1.27422705e+03  1.01241886e+03
 7.00000000e-01  6.62872538e-02  1.37513408e-04 -6.51125986e-01  1.26581604e+03  1.27459438e+03  1.01265971e+03
 6.99912314e-01  3.50000000e-01  6.13801650e-05 -2.90635081e-01  1.21967639e+03  1.22223107e+03  3.74889340e+01
 6.99731892e-01  3.50000000e-01  6.49155220e-05 -3.07374997e-01  1.21998344e+03  1.22350224e+03  3.75275428e+01
 6.99541077e-01  3.50000000e-01  6.86545020e-05 -3.25079067e-01  1.22030533e+03  1.22485185e+03  3.75722905e+01
 6.99339273e-01  3.50000000e-01  7.26088475e-05 -3.43802893e-01  1.22064248e+03  1.22629259e+03  3.76252135e+01
 6.99125844e-01  3.50000000e-01  7.67909450e-05 -3.63605125e-01  1.22099629e+03  1.22783904e+03  3.76885272e+01
 6.98900123e-01  3.50000000e-01  8.12139265e-05 -3.84547942e-01  1.22136850e+03  1.22950717e+03  3.77646404e+01
 6.98661401e-01  3.50000000e-01  8.58916590e-05 -4.06697005e-01  1.22176098e+03  1.23131329e+03  3.78560614e+01
 6.98408929e-01  3.50000000e-01  9.08388215e-05 -4.30121820e-01  1.22217544e+03  1.23327243e+03  3.79653081e+01
 6.98141915e-01  3.50000000e-01  9.60709295e-05 -4.54895851e-01  1.22261315e+03  1.23539588e+03  3.80947682e+01
 6.97859521e-01  3.50000000e-01  1.01604391e-04 -4.81096791e-01  1.22307457e+03  1.23768811e+03  3.82465096e+01
 6.97560863e-01  3.50000000e-01  1.07456566e-04 -5.08806840e-01  1.22355939e+03  1.24014748e+03  3.84223012e+01
 6.97245002e-01  3.50000000e-01  1.13645816e-04 -5.38112936e-01  1.22406666e+03  1.24276703e+03  3.86235257e+01
 6.96910949e-01  3.50000000e-01  1.20191554e-04 -5.69107008e-01  1.22459400e+03  1.24552854e+03  3.88510737e+01
 6.96557655e-01  3.50000000e-01  1.27114309e-04 -6.01886253e-01  1.22513750e+03  1.24840207e+03  3.91053797e+01
 6.96184012e-01  3.50000000e-01  1.34435798e-04 -6.36553504e-01  1.22569277e+03  1.25135354e+03  3.93870679e+01
 6.95788848e-01  3.50000000e-01  1.42178988e-04 -6.73217508e-01  1.22625574e+03  1.25435039e+03  3.96972740e+01
 6.95370923e-01  3.50000000e-01  1.50368165e-04 -7.11993264e-01  1.22682305e+03  1.25736441e+03  4.00374631e+01
 6.94928927e-01  3.50000000e-01  1.59029028e-04 -7.53002445e-01  1.22739186e+03  1.26037044e+03  4.04088130e+01
 6.94461473e-01  3.50000000e-01  1.68188730e-04 -7.96373639e-01  1.22795962e+03  1.26334469e+03  4.08123466e+01
 6.93967095e-01  3.50000000e-01  1.77876013e-04 -8.42242922e-01  1.22852406e+03  1.26626444e+03  4.12492700e+01
 6.93444242e-01  3.50000000e-01  1.88121259e-04 -8.90754159e-01  1.22908293e+03  1.26910755e+03  4.17198379e+01
 6.92891274e-01  3.50000000e-01  1.98956604e-04 -9.42059520e-01  1.22963450e+03  1.27185596e+03  4.22235309e+01
 6.92306456e-01  3.50000000e-01  2.10416048e-04 -9.96319990e-01  1.23017820e+03  1.27450100e+03  4.27587507e+01
 6.91687953e-01  3.50000000e-01  2.22535523e-04 -1.05370570e+00  1.23071363e+03  1.27703776e+03  4.33218205e+01
 6.91033827e-01  3.50000000e-01  2.35353051e-04 -1.11439670e+00  1.23124009e+03  1.27946252e+03  4.39068707e+01
 6.90342024e-01  3.50000000e-01  2.48908846e-04 -1.17858338e+00  1.23175450e+03  1.28176739e+03  4.44988590e+01
 6.89610375e-01  3.50000000e-01  2.63245416e-04 -1.24646704e+00  1.23224864e+03  1.28392140e+03  4.50761006e+01
 6.88836585e-01  3.50000000e-01  2.78407745e-04 -1.31826067e+00  1.23271837e+03  1.28591394e+03  4.56270631e+01
 6.88018226e-01  3.50000000e-01  2.94443387e-04 -1.39418944e+00  1.23316545e+03  1.28776914e+03  4.61461370e+01
 6.87152732e-01  3.50000000e-01  3.11402641e-04 -1.47449150e+00  1.23358941e+03  1.28950151e+03  4.66248980e+01
 6.86237387e-01  3.50000000e-01  3.29338712e-04 -1.55941880e+00  1.23398982e+03  1.29111879e+03  4.70618694e+01
 6.85269320e-01  3.50000000e-01  3.48307859e-04 -1.64923771e+00  1.23436814e+03  1.29263774e+03  4.74573042e+01
 6.84245496e-01  3.50000000e-01  3.68369586e-04 -1.74422999e+00  1.23472391e+03  1.29405535e+03  4.78146648e+01
 6.83162701e-01  3.50000000e-01  3.89586823e-04 -1.84469361e+00  1.23505716e+03  1.29538979e+03  4.81188540e+01
 6.82017539e-01  3.50000000e-01  4.12026118e-04 -1.95094367e+00  1.23536344e+03  1.29663757e+03  4.83435374e+01
 6.80806419e-01  3.50000000e-01  4.35757868e-04 -2.06331350e+00  1.23564815e+03  1.29780605e+03  4.84950587e+01
 6.79525542e-01  3.50000000e-01  4.60856515e-04 -2.18215560e+00  1.23591946e+03  1.29890796e+03  4.85783235e+01
 6.78170888e-01  3.50000000e-01  4.87400781e-04 -2.30784270e+00  1.23618503e+03  1.29995134e+03  4.85915020e+01
 6.76738210e-01  3.50000000e-01  5.15473935e-04 -2.44076908e+00  1.23644954e+03  1.30093741e+03  4.85261651e+01
 6.75223013e-01  3.50000000e-01  5.45164042e-04 -2.58135174e+00  1.23671390e+03  1.30185697e+03  4.83755812e+01
 6.73620544e-01  3.50000000e-01  5.76564230e-04 -2.73003163e+00  1.23696876e+03  1.30269151e+03  4.81101211e+01
 6.71925777e-01  3.50000000e-01  6.09772993e-04 -2.88727512e+00  1.23720230e+03  1.30345103e+03  4.76880166e+01
 6.70133395e-01  3.50000000e-01  6.44894502e-04 -3.05357547e+00  1.23740782e+03  1.30414548e+03  4.71088225e+01
 6.68237775e-01  3.50000000e-01  6.82038935e-04 -3.22945435e+00  1.23774940e+03  1.30476298e+03  4.71668607e+01
 6.66232973e-01  3.50000000e-01  7.21322794e-04 -3.41546343e+00  1.23825270e+03  1.30518115e+03  4.80999070e+01
 6.64112698e-01  3.50000000e-01  7.62869321e-04 -3.61218623e+00  1.23868674e+03  1.30549139e+03  4.88273042e+01
 6.61870301e-01  3.50000000e-01  8.06808824e-04 -3.82023978e+00  1.23905432e+03  1.30571572e+03  4.93606466e+01
 6.59498747e-01  3.50000000e-01  8.53279144e-04 -4.04027674e+00  1.23935121e+03  1.30585779e+03  4.96808067e+01
 6.56990597e-01  3.50000000e-01  9.02426046e-04 -4.27298733e+00  1.23958425e+03  1.30591547e+03  4.98110348e+01
 6.54337983e-01  3.50000000e-01  9.54403695e-04 -4.51910150e+00  1.23976542e+03  1.30588808e+03  4.97878688e+01
 6.51532584e-01  3.50000000e-01  1.00937514e-03 -4.77939129e+00  1.23990683e+03  1.30576193e+03  4.96545624e+01
 6.48565602e-01  3.50000000e-01  1.06751281e-03 -5.05467314e+00  1.24002067e+03  1.30552946e+03  4.94542894e+01
 6.45427727e-01  3.50000000e-01  1.12899907e-03 -5.34581062e+00  1.24011672e+03  1.30518898e+03  4.92231380e+01
 6.42109119e-01  3.50000000e-01  1.19402681e-03 -5.65371693e+00  1.24020158e+03  1.30473925e+03  4.89880677e+01
 6.38599366e-01  3.50000000e-01  1.26279998e-03 -5.97935792e+00  1.24027817e+03  1.30417796e+03  4.87674269e+01
 6.34887460e-01  3.50000000e-01  1.33553434e-03 -6.32375508e+00  1.24034668e+03  1.30350203e+03  4.85722499e+01
 6.30961757e-01  3.50000000e-01  1.41245802e-03 -6.68798874e+00  1.24040480e+03  1.30270852e+03  4.84076883e+01
 6.26809942e-01  3.50000000e-01  1.49381233e-03 -7.07320138e+00  1.24044846e+03  1.30179449e+03  4.82743485e+01
 6.22418992e-01  3.50000000e-01  1.57985246e-03 -7.48060141e+00  1.24047296e+03  1.30075562e+03  4.81694879e+01
 6.17775134e-01  3.50000000e-01  1.67084831e-03 -7.91146672e+00  1.24047499e+03  1.29959011e+03  4.80881301e+01
 6.12863800e-01  3.50000000e-01  1.76708530e-03 -8.36714887e+00  1.24045268e+03  1.29829723e+03  4.80240639e+01
 6.07669585e-01  3.50000000e-01  1.86886532e-03 -8.84907727e+00  1.24040443e+03  1.29687551e+03  4.79706126e+01
 6.02176195e-01  3.50000000e-01  1.97650763e-03 -9.35876363e+00  1.24032621e+03  1.29531304e+03  4.79210916e+01
 5.96366399e-01  3.50000000e-01  2.09034989e-03 -9.89780673e+00  1.24021519e+03  1.29361367e+03  4.78702136e+01
 5.90221972e-01  3.50000000e-01  2.21074921e-03 -1.04678975e+01  1.24006428e+03  1.29176550e+03  4.78142573e+01
 5.83723640e-01  3.50000000e-01  2.33808324e-03 -1.10708241e+01  1.23986210e+03  1.28976518e+03  4.77512763e+01
 5.76851019e-01  3.50000000e-01  2.47275142e-03 -1.17084780e+01  1.23959690e+03  1.28759056e+03  4.76836457e+01
 5.69582551e-01  3.50000000e-01  2.61517617e-03 -1.23828592e+01  1.23925569e+03  1.28522068e+03  4.76183261e+01
 5.61895436e-01  3.50000000e-01  2.76580426e-03 -1.30960832e+01  1.23882689e+03  1.28262506e+03  4.75695221e+01
 5.53765561e-01  3.50000000e-01  2.92510818e-03 -1.38503872e+01  1.23829734e+03  1.27975697e+03  4.75618709e+01
 5.45167424e-01  3.50000000e-01  3.09358763e-03 -1.46481374e+01  1.23766105e+03  1.27650705e+03  4.76379838e+01
 5.36074054e-01  3.50000000e-01  3.27177112e-03 -1.54918362e+01  1.23690862e+03  1.27274822e+03  4.78616878e+01
 5.26456928e-01  3.50000000e-01  3.46021755e-03 -1.63841301e+01  1.23598918e+03  1.26821070e+03  4.82503676e+01
 5.16285877e-01  3.50000000e-01  3.65951807e-03 -1.73278181e+01  1.23479465e+03  1.26253294e+03  4.84294587e+01
 5.05528997e-01  3.50000000e-01  3.87029784e-03 -1.83258603e+01  1.23317955e+03  1.25562529e+03  4.64980102e+01
 4.94384606e-01  3.50000000e-01  3.93077601e-03 -1.86122244e+01  1.23136055e+03  1.24830630e+03  4.17525930e+01
 4.83269594e-01  3.50000000e-01  3.84973198e-03 -1.82284809e+01  1.23000684e+03  1.24266900e+03  3.92103963e+01
 4.72383750e-01  3.50000000e-01  3.77035891e-03 -1.78526494e+01  1.22928923e+03  1.24091479e+03  3.84075867e+01
 4.61722348e-01  3.50000000e-01  3.69262233e-03 -1.74845667e+01  1.22886293e+03  1.24107935e+03  3.84695691e+01
 4.51280761e-01  3.50000000e-01  3.61648851e-03 -1.71240731e+01  1.22844472e+03  1.24118708e+03  3.89580675e+01
 4.41054457e-01  3.50000000e-01  3.54192441e-03 -1.67710121e+01  1.22803069e+03  1.24132273e+03  3.92860593e+01
 4.31038997e-01  3.50000000e-01  3.46889765e-03 -1.64252304e+01  1.22764670e+03  1.24151993e+03  3.94468885e+01
 4.21230034e-01  3.50000000e-01  3.39737655e-03 -1.60865780e+01  1.22729426e+03  1.24169730e+03  3.94788531e+01
 4.11623310e-01  3.50000000e-01  3.32733006e-03 -1.57549078e+01  1.22688588e+03  1.24128867e+03  3.93830172e+01
 4.02214656e-01  3.50000000e-01  3.25872777e-03 -1.54300760e+01  1.22644157e+03  1.24052483e+03  3.92302777e+01
 3.92999988e-01  3.50000000e-01  3.19153991e-03 -1.51119415e+01  1.22600089e+03  1.23969581e+03  3.90879165e+01
 3.83975306e-01  3.50000000e-01  3.12573732e-03 -1.48003662e+01  1.22558703e+03  1.23893972e+03  3.89715231e+01
 3.75136694e-01  3.50000000e-01  3.06129143e-03 -1.44952149e+01  1.22517646e+03  1.23812411e+03  3.88564721e+01
 3.66480314e-01  3.50000000e-01  2.99817428e-03 -1.41963552e+01  1.22474173e+03  1.23714516e+03  3.87318978e+01
 3.58002410e-01  3.50000000e-01  2.93635847e-03 -1.39036574e+01  1.22427136e+03  1.23600455e+03  3.86003170e+01
 3.49699302e-01  3.50000000e-01  2.87581716e-03 -1.36169943e+01  1.22376584e+03  1.23473892e+03  3.84675888e+01
 3.41567386e-01  3.50000000e-01  2.81652408e-03 -1.33362415e+01  1.22324197e+03  1.23345102e+03  3.83443019e+01
 3.33603133e-01  3.50000000e-01  2.75845350e-03 -1.30612773e+01  1.22271727e+03  1.23222666e+03  3.82367966e+01
 3.25803084e-01  3.50000000e-01  2.70158021e-03 -1.27919823e+01  1.22220091e+03  1.23108750e+03  3.81452403e+01
 3.18163856e-01  3.50000000e-01  2.64587952e-03 -1.25282395e+01  1.22170121e+03  1.23004167e+03  3.80673590e+01
 3.10682132e-01  3.50000000e-01  2.59132725e-03 -1.22699345e+01  1.22122571e+03  1.22908376e+03  3.80001951e+01
 3.03354665e-01  3.50000000e-01  2.53789974e-03 -1.20169553e+01  1.22077885e+03  1.22820192e+03  3.79417546e+01
 2.96178274e-01  3.50000000e-01  2.48557378e-03 -1.17691918e+01  1.22036212e+03  1.22739113e+03  3.78896930e+01
 2.89149845e-01  3.50000000e-01  2.43432667e-03 -1.15265368e+01  1.21997091e+03  1.22662630e+03  3.78421599e+01
 2.82266327e-01  3.50000000e-01  2.38413617e-03 -1.12888848e+01  1.21960357e+03  1.22591512e+03  3.77994921e+01
 2.75524732e-01  3.50000000e-01  2.33498048e-03 -1.10561326e+01  1.21925635e+03  1.22524905e+03  3.77606999e+01
 2.68922133e-01  3.50000000e-01  2.28683827e-03 -1.08281792e+01  1.21892675e+03  1.22462426e+03  3.77255732e+01
 2.62455666e-01  3.50000000e-01  2.23968866e-03 -1.06049258e+01  1.21861302e+03  1.22403974e+03  3.76938419e+01
 2.56122524e-01  3.50000000e-01  2.19351117e-03 -1.03862754e+01  1.21831298e+03  1.22349082e+03  3.76650122e+01
 2.49919957e-01  3.50000000e-01  2.14828575e-03 -1.01721330e+01  1.21802483e+03  1.22297436e+03  3.76387472e+01
 2.43845273e-01  3.50000000e-01  2.10399278e-03 -9.96240583e+00  1.21774709e+03  1.22248698e+03  3.76147213e+01
 2.37895836e-01  3.50000000e-01  2.06061304e-03 -9.75700275e+00  1.21747870e+03  1.22202663e+03  3.75927474e+01
 2.32069064e-01  3.50000000e-01  2.01812770e-03 -9.55583464e+00  1.21721956e+03  1.22159229e+03  3.75725682e+01
 2.26362427e-01  3.50000000e-01  1.97651830e-03 -9.35881416e+00  1.21696955e+03  1.22118201e+03  3.75540608e+01
 2.20773448e-01  3.50000000e-01  1.93576681e-03 -9.16585584e+00  1.21672788e+03  1.22079205e+03  3.75368487e+01
 2.15299702e-01  3.50000000e-01  1.89585552e-03 -8.97687589e+00  1.21649394e+03  1.22041929e+03  3.75208387e+01
 2.09938812e-01  3.50000000e-01  1.85676711e-03 -8.79179227e+00  1.21626693e+03  1.22006479e+03  3.75060586e+01
 2.04688453e-01  3.50000000e-01  1.81848463e-03 -8.61052470e+00  1.21604620e+03  1.21972811e+03  3.74923340e+01
 1.99546344e-01  3.50000000e-01  1.78099144e-03 -8.43299447e+00  1.21583353e+03  1.21940979e+03  3.74796069e+01
 1.94510254e-01  3.50000000e-01  1.74427128e-03 -8.25912453e+00  1.21563481e+03  1.21911213e+03  3.74678793e+01
 1.89577998e-01  3.50000000e-01  1.70830821e-03 -8.08883937e+00  1.21545903e+03  1.21883667e+03  3.74571455e+01
 1.84747434e-01  3.50000000e-01  1.67308663e-03 -7.92206517e+00  1.21530895e+03  1.21857870e+03  3.74472291e+01
 1.80016465e-01  3.50000000e-01  1.63859123e-03 -7.75872946e+00  1.21516739e+03  1.21832409e+03  3.74377236e+01
 1.75383039e-01  3.50000000e-01  1.60480705e-03 -7.59876137e+00  1.21500430e+03  1.21805485e+03  3.74281308e+01
 1.70845144e-01  3.50000000e-01  1.57171943e-03 -7.44209150e+00  1.21479307e+03  1.21775744e+03  3.74181055e+01
 1.66400811e-01  3.50000000e-01  1.53931400e-03 -7.28865181e+00  1.21450955e+03  1.21742815e+03  3.74075758e+01
 1.62048110e-01  3.50000000e-01  1.50757671e-03 -7.13837571e+00  1.21414433e+03  1.21708504e+03  3.73970505e+01
 1.57785152e-01  3.50000000e-01  1.47649376e-03 -6.99119797e+00  1.21379401e+03  1.21678018e+03  3.73877358e+01
 1.53610087e-01  3.50000000e-01  1.44605168e-03 -6.84705471e+00  1.21355119e+03  1.21655236e+03  3.73805431e+01
 1.49521103e-01  3.50000000e-01  1.41623725e-03 -6.70588339e+00  1.21339601e+03  1.21640445e+03  3.73755280e+01
 1.45516425e-01  3.50000000e-01  1.38703753e-03 -6.56762269e+00  1.21339326e+03  1.21634466e+03  3.73727803e+01
 1.41594314e-01  3.50000000e-01  1.35843984e-03 -6.43221265e+00  1.21354830e+03  1.21633757e+03  3.73712765e+01
 1.37753069e-01  3.50000000e-01  1.33043177e-03 -6.29959445e+00  1.21365822e+03  1.21629331e+03  3.73689101e+01
 1.33991022e-01  3.50000000e-01  1.30300117e-03 -6.16971055e+00  1.21361203e+03  1.21616859e+03  3.73647398e+01
 1.30306540e-01  3.50000000e-01  1.27613613e-03 -6.04250458e+00  1.21347115e+03  1.21598100e+03  3.73591213e+01
 1.26698024e-01  3.50000000e-01  1.24982499e-03 -5.91792131e+00  1.21324185e+03  1.21574633e+03  3.73524901e+01
 1.23163908e-01  3.50000000e-01  1.22405632e-03 -5.79590669e+00  1.21295706e+03  1.21548978e+03  3.73454667e+01
 1.19702658e-01  3.50000000e-01  1.19881895e-03 -5.67640773e+00  1.21267042e+03  1.21524031e+03  3.73387126e+01
 1.16312771e-01  3.50000000e-01  1.17410192e-03 -5.55937258e+00  1.21242115e+03  1.21501656e+03  3.73326455e+01
 1.12992776e-01  3.50000000e-01  1.14989450e-03 -5.44475046e+00  1.21221568e+03  1.21482142e+03  3.73273212e+01
 1.09741232e-01  3.50000000e-01  1.12618618e-03 -5.33249156e+00  1.21204148e+03  1.21464829e+03  3.73225745e+01
 1.06556728e-01  3.50000000e-01  1.10296668e-03 -5.22254724e+00  1.21188368e+03  1.21448861e+03  3.73181990e+01
 1.03437881e-01  3.50000000e-01  1.08022591e-03 -5.11486970e+00  1.21173051e+03  1.21433564e+03  3.73140314e+01
 1.00383339e-01  3.50000000e-01  1.05795401e-03 -5.00941224e+00  1.21157638e+03  1.21418579e+03  3.73099626e+01
 9.73917739e-02  3.50000000e-01  1.03614131e-03 -4.90612909e+00  1.21142076e+03  1.21403800e+03  3.73059682e+01
 9.44618887e-02  3.50000000e-01  1.01477833e-03 -4.80497541e+00  1.21126469e+03  1.21389225e+03  3.73020375e+01
 9.15924113e-02  3.50000000e-01  9.93855818e-04 -4.70590730e+00  1.21110907e+03  1.21374868e+03  3.72981623e+01
 8.87820963e-02  3.50000000e-01  9.73364679e-04 -4.60888175e+00  1.21095426e+03  1.21360717e+03  3.72943350e+01
 8.60297239e-02  3.50000000e-01  9.53296022e-04 -4.51385667e+00  1.21079976e+03  1.21346737e+03  3.72905415e+01
 8.33340994e-02  3.50000000e-01  9.33641137e-04 -4.42079079e+00  1.21064525e+03  1.21332893e+03  3.72867679e+01
 8.06940528e-02  3.50000000e-01  9.14391494e-04 -4.32964372e+00  1.21049048e+03  1.21319159e+03  3.72830039e+01
 7.81084381e-02  3.50000000e-01  8.95538736e-04 -4.24037592e+00  1.21033539e+03  1.21305523e+03  3.72792435e+01
 7.55761333e-02  3.50000000e-01  8.77074681e-04 -4.15294861e+00  1.21018024e+03  1.21291991e+03  3.72754810e+01
 7.30960390e-02  3.50000000e-01  8.58991314e-04 -4.06732387e+00  1.21002580e+03  1.21278583e+03  3.72717237e+01
 7.06670788e-02  3.50000000e-01  8.41280787e-04 -3.98346453e+00  1.20987321e+03  1.21265328e+03  3.72679724e+01
 6.82881986e-02  3.50000000e-01  8.23935412e-04 -3.90133418e+00  1.20972368e+03  1.21252238e+03  3.72642373e+01
 6.59583656e-02  3.50000000e-01  8.06947661e-04 -3.82089718e+00  1.20957794e+03  1.21239297e+03  3.72605055e+01
 6.36765687e-02  3.50000000e-01  7.90310160e-04 -3.74211861e+00  1.20943592e+03  1.21226446e+03  3.72567702e+01
 6.14418175e-02  3.50000000e-01  7.74015689e-04 -3.66496429e+00  1.20929654e+03  1.21213581e+03  3.72530065e+01
 5.92531420e-02  3.50000000e-01  7.58057174e-04 -3.58940072e+00  1.20915795e+03  1.21200569e+03  3.72491907e+01
 5.71095922e-02  3.50000000e-01  7.42427689e-04 -3.51539511e+00  1.20901803e+03  1.21187278e+03  3.72452931e+01
 5.50102377e-02  3.50000000e-01  7.27120449e-04 -3.44291533e+00  1.20887491e+03  1.21173600e+03  3.72412980e+01
 5.29541673e-02  3.50000000e-01  7.12128812e-04 -3.37192992e+00  1.20872749e+03  1.21159472e+03  3.72371928e+01
 5.09404886e-02  3.50000000e-01  6.97446269e-04 -3.30240808e+00  1.20857571e+03  1.21144884e+03  3.72329863e+01
 4.89683276e-02  3.50000000e-01  6.83066448e-04 -3.23431963e+00  1.20842047e+03  1.21129873e+03  3.72286953e+01
 4.70368282e-02  3.50000000e-01  6.68983108e-04 -3.16763502e+00  1.20826331e+03  1.21114505e+03  3.72243390e+01
 4.51451522e-02  3.50000000e-01  6.55190136e-04 -3.10232529e+00  1.20810595e+03  1.21098856e+03  3.72199395e+01
 4.32924783e-02  3.50000000e-01  6.41681544e-04 -3.03836211e+00  1.20794980e+03  1.21082992e+03  3.72155172e+01
 4.14780026e-02  3.50000000e-01  6.28451471e-04 -2.97571771e+00  1.20779573e+03  1.21066959e+03  3.72110858e+01
 3.97009374e-02  3.50000000e-01  6.15494172e-04 -2.91436490e+00  1.20764402e+03  1.21050782e+03  3.72066517e+01
 3.79605114e-02  3.50000000e-01  6.02804025e-04 -2.85427706e+00  1.20749452e+03  1.21034467e+03  3.72022149e+01
 3.62559692e-02  3.50000000e-01  5.90375521e-04 -2.79542809e+00  1.20734682e+03  1.21018009e+03  3.71977787e+01
 3.45865709e-02  3.50000000e-01  5.78203265e-04 -2.73779246e+00  1.20720046e+03  1.21001403e+03  3.71933326e+01
 3.29515920e-02  3.50000000e-01  5.66281975e-04 -2.68134515e+00  1.20705507e+03  1.20984653e+03  3.71888808e+01
 3.13503228e-02  3.50000000e-01  5.54606476e-04 -2.62606166e+00  1.20691040e+03  1.20967783e+03  3.71844293e+01
 2.97820683e-02  3.50000000e-01  5.43171700e-04 -2.57191800e+00  1.20676633e+03  1.20950805e+03  3.71799779e+01
 2.82461477e-02  3.50000000e-01  5.31972685e-04 -2.51889066e+00  1.20662287e+03  1.20933731e+03  3.71755044e+01
 2.67418945e-02  3.50000000e-01  5.21004568e-04 -2.46695663e+00  1.20648014e+03  1.20916573e+03  3.71710045e+01
 2.52686557e-02  3.50000000e-01  5.10262591e-04 -2.41609337e+00  1.20633833e+03  1.20899345e+03  3.71664837e+01
 2.38257919e-02  3.50000000e-01  4.99742089e-04 -2.36627879e+00  1.20619769e+03  1.20882069e+03  3.71619177e+01
 2.24126768e-02  3.50000000e-01  4.89438497e-04 -2.31749128e+00  1.20605844e+03  1.20864762e+03  3.71573372e+01
 2.10286970e-02  3.50000000e-01  4.79347343e-04 -2.26970967e+00  1.20592074e+03  1.20847428e+03  3.71527364e+01
 1.96732519e-02  3.50000000e-01  4.69464246e-04 -2.22291321e+00  1.20578461e+03  1.20830060e+03  3.71481012e+01
 1.83457530e-02  3.50000000e-01  4.59784918e-04 -2.17708159e+00  1.20564992e+03  1.20812639e+03  3.71434367e+01
 1.70456244e-02  3.50000000e-01  4.50305156e-04 -2.13219491e+00  1.20551638e+03  1.20795114e+03  3.71387174e+01
 1.57723015e-02  3.50000000e-01  4.41020846e-04 -2.08823371e+00  1.20538362e+03  1.20777440e+03  3.71339137e+01
 1.45252318e-02  3.50000000e-01  4.31927958e-04 -2.04517888e+00  1.20525117e+03  1.20759575e+03  3.71290015e+01
 1.33038739e-02  3.50000000e-01  4.23022546e-04 -2.00301175e+00  1.20511850e+03  1.20741470e+03  3.71239306e+01
 1.21076978e-02  3.50000000e-01  4.14300744e-04 -1.96171402e+00  1.20498508e+03  1.20723070e+03  3.71186370e+01
 1.09361842e-02  3.50000000e-01  4.05758766e-04 -1.92126776e+00  1.20485041e+03  1.20704332e+03  3.71131013e+01
 9.78882469e-03  3.50000000e-01  3.97392905e-04 -1.88165541e+00  1.20471401e+03  1.20685232e+03  3.71073621e+01
 8.66512121e-03  3.50000000e-01  3.89199530e-04 -1.84285978e+00  1.20457546e+03  1.20665747e+03  3.71014277e+01
 7.56458604e-03  3.50000000e-01  3.81175085e-04 -1.80486403e+00  1.20443434e+03  1.20645884e+03  3.70953367e+01
 6.48674151e-03  3.50000000e-01  3.73316086e-04 -1.76765167e+00  1.20429024e+03  1.20625692e+03  3.70891071e+01
 5.43111979e-03  3.50000000e-01  3.65619123e-04 -1.73120655e+00  1.20414269e+03  1.20605284e+03  3.70828142e+01
 4.39726268e-03  3.50000000e-01  3.58080854e-04 -1.69551284e+00  1.20399113e+03  1.20584866e+03  3.70765268e+01
 3.38472144e-03  3.50000000e-01  3.50698008e-04 -1.66055507e+00  1.20383501e+03  1.20564786e+03  3.70704383e+01
 2.39305660e-03  3.50000000e-01  3.43467380e-04 -1.62631804e+00  1.20367387e+03  1.20545629e+03  3.70647708e+01
 1.42183773e-03  3.50000000e-01  3.36385832e-04 -1.59278691e+00  1.20350792e+03  1.20528389e+03  3.70599362e+01
 4.70643271e-04  3.50000000e-01  3.29450290e-04 -1.55994712e+00  1.20333982e+03  1.20515028e+03  3.70570029e+01
 0.00000000e+00  0.00000000e+00  0.00000000e+00  0.00000000e+00  0.00000000e+00  0.00000000e+00  0.00000000e+00
 0.00000000e+00  0.00000000e+00  0.00000000e+00  0.00000000e+00  0.00000000e+00  0.00000000e+00  0.00000000e+00
 0.00000000e+00  0.00000000e+00  0.00000000e+00  0.00000000e+00  0.00000000e+00  0.00000000e+00  0.00000000e+00
 0.00000000e+00  0.00000000e+00  0.00000000e+00  0.00000000e+00  0.00000000e+00  0.00000000e+00  0.00000000e+00
 0.00000000e+00  0.00000000e+00  0.00000000e+00  0.00000000e+00  0.00000000e+00  0.00000000e+00  0.00000000e+00
 0.00000000e+00  0.00000000e+00  0.00000000e+00  0.00000000e+00  0.00000000e+00  0.00000000e+00  0.00000000e+00
 0.00000000e+00  0.00000000e+00  0.00000000e+00  0.00000000e+00  0.00000000e+00  0.00000000e+00  0.00000000e+00
 0.00000000e+00  0.00000000e+00  0.00000000e+00  0.00000000e+00  0.00000000e+00  0.00000000e+00  0.00000000e+00
 0.00000000e+00  0.00000000e+00  0.00000000e+00  0.00000000e+00  0.00000000e+00  0.00000000e+00  0.00000000e+00
 0.00000000e+00  0.00000000e+00  0.00000000e+00  0.00000000e+00  0.00000000e+00  0.00000000e+00  0.00000000e+00
 0.00000000e+00  0.00000000e+00  0.00000000e+00  0.00000000e+00  0.00000000e+00  0.00000000e+00  0.00000000e+00
 0.00000000e+00  0.00000000e+00  0.00000000e+00  0.00000000e+00  0.00000000e+00  0.00000000e+00  0.00000000e+00
 0.00000000e+00  0.00000000e+00  0.00000000e+00  0.00000000e+00  0.00000000e+00  0.00000000e+00  0.00000000e+00
 0.00000000e+00  0.00000000e+00  0.00000000e+00  0.00000000e+00  0.00000000e+00  0.00000000e+00  0.00000000e+00
 0.00000000e+00  0.00000000e+00  0.00000000e+00  0.00000000e+00  0.00000000e+00  0.00000000e+00  0.00000000e+00
 0.00000000e+00  0.00000000e+00  0.00000000e+00  0.00000000e+00  0.00000000e+00  0.00000000e+00  0.00000000e+00
 0.00000000e+00  0.00000000e+00  0.00000000e+00  0.00000000e+00  0.00000000e+00  0.00000000e+00  0.00000000e+00
 0.00000000e+00  0.00000000e+00  0.00000000e+00  0.00000000e+00  0.00000000e+00  0.00000000e+00  0.00000000e+00
 0.00000000e+00  0.00000000e+00  0.00000000e+00  0.00000000e+00  0.00000000e+00  0.00000000e+00  0.00000000e+00
 0.00000000e+00  0.00000000e+00  0.00000000e+00  0.00000000e+00  0.00000000e+00  0.00000000e+00  0.00000000e+00
 0.00000000e+00  0.00000000e+00  0.00000000e+00  0.00000000e+00  0.00000000e+00  0.00000000e+00  0.00000000e+00
 0.00000000e+00  0.00000000e+00  0.00000000e+00  0.00000000e+00  0.00000000e+00  0.00000000e+00  0.00000000e+00
 0.00000000e+00  0.00000000e+00  0.00000000e+00  0.00000000e+00  0.00000000e+00  0.00000000e+00  0.00000000e+00
 0.00000000e+00  0.00000000e+00  0.00000000e+00  0.00000000e+00  0.00000000e+00  0.00000000e+00  0.00000000e+00
 0.00000000e+00  0.00000000e+00  0.00000000e+00  0.00000000e+00  0.00000000e+00  0.00000000e+00  0.00000000e+00
 0.00000000e+00  0.00000000e+00  0.00000000e+00  0.00000000e+00  0.00000000e+00  0.00000000e+00  0.00000000e+00
 0.00000000e+00  0.00000000e+00  0.00000000e+00  0.00000000e+00  0.00000000e+00  0.00000000e+00  0.00000000e+00
 0.00000000e+00  0.00000000e+00  0.00000000e+00  0.00000000e+00  0.00000000e+00  0.00000000e+00  0.00000000e+00
 0.00000000e+00  0.00000000e+00  0.00000000e+00  0.00000000e+00  0.00000000e+00  0.00000000e+00  0.00000000e+00
 0.00000000e+00  0.00000000e+00  0.00000000e+00  0.00000000e+00  0.00000000e+00  0.00000000e+00  0.00000000e+00
 0.00000000e+00  0.00000000e+00  0.00000000e+00  0.00000000e+00  0.00000000e+00  0.00000000e+00  0.00000000e+00
 0.00000000e+00  0.00000000e+00  0.00000000e+00  0.00000000e+00  0.00000000e+00  0.00000000e+00  0.00000000e+00
 0.00000000e+00  0.00000000e+00  0.00000000e+00  0.00000000e+00  0.00000000e+00  0.00000000e+00  0.00000000e+00
 0.00000000e+00  0.00000000e+00  0.00000000e+00  0.00000000e+00  0.00000000e+00  0.00000000e+00  0.00000000e+00
 0.00000000e+00  0.00000000e+00  0.00000000e+00  0.00000000e+00  0.00000000e+00  0.00000000e+00  0.00000000e+00
 0.00000000e+00  0.00000000e+00  0.00000000e+00  0.00000000e+00  0.00000000e+00  0.00000000e+00  0.00000000e+00
 0.00000000e+00  0.00000000e+00  0.00000000e+00  0.00000000e+00  0.00000000e+00  0.00000000e+00  0.00000000e+00
 0.00000000e+00  0.00000000e+00  0.00000000e+00  0.00000000e+00  0.00000000e+00  0.00000000e+00  0.00000000e+00
 0.00000000e+00  0.00000000e+00  0.00000000e+00  0.00000000e+00  0.00000000e+00  0.00000000e+00  0.00000000e+00
 0.00000000e+00  0.00000000e+00  0.00000000e+00  0.00000000e+00  0.00000000e+00  0.00000000e+00  0.00000000e+00
 0.00000000e+00  0.00000000e+00  0.00000000e+00  0.00000000e+00  0.00000000e+00  0.00000000e+00  0.00000000e+00
 0.00000000e+00  0.00000000e+00  0.00000000e+00  0.00000000e+00  0.00000000e+00  0.00000000e+00  0.00000000e+00
 0.00000000e+00  0.00000000e+00  0.00000000e+00  0.00000000e+00  0.00000000e+00  0.00000000e+00  0.00000000e+00
 0.00000000e+00  0.00000000e+00  0.00000000e+00  0.00000000e+00  0.00000000e+00  0.00000000e+00  0.00000000e+00
 0.00000000e+00  0.00000000e+00  0.00000000e+00  0.00000000e+00  0.00000000e+00  0.00000000e+00  0.00000000e+00
 0.00000000e+00  0.00000000e+00  0.00000000e+00  0.00000000e+00  0.00000000e+00  0.00000000e+00  0.00000000e+00
 0.00000000e+00  0.00000000e+00  0.00000000e+00  0.00000000e+00  0.00000000e+00  0.00000000e+00  0.00000000e+00
 0.00000000e+00  0.00000000e+00  0.00000000e+00  0.00000000e+00  0.00000000e+00  0.00000000e+00  0.00000000e+00
 0.00000000e+00  0.00000000e+00  0.00000000e+00  0.00000000e+00  0.00000000e+00  0.00000000e+00  0.00000000e+00
 0.00000000e+00  0.00000000e+00  0.00000000e+00  0.00000000e+00  0.00000000e+00  0.00000000e+00  0.00000000e+00
 0.00000000e+00  0.00000000e+00  0.00000000e+00  0.00000000e+00  0.00000000e+00  0.00000000e+00  0.00000000e+00
 0.00000000e+00  0.00000000e+00  0.00000000e+00  0.00000000e+00  0.00000000e+00  0.00000000e+00  0.00000000e+00
 0.00000000e+00  0.00000000e+00  0.00000000e+00  0.00000000e+00  0.00000000e+00  0.00000000e+00  0.00000000e+00
 0.00000000e+00  0.00000000e+00  0.00000000e+00  0.00000000e+00  0.00000000e+00  0.00000000e+00  0.00000000e+00
 0.00000000e+00  0.00000000e+00  0.00000000e+00  0.00000000e+00  0.00000000e+00  0.00000000e+00  0.00000000e+00
 0.00000000e+00  0.00000000e+00  0.00000000e+00  0.00000000e+00  0.00000000e+00  0.00000000e+00  0.00000000e+00
 0.00000000e+00  0.00000000e+00  0.00000000e+00  0.00000000e+00  0.00000000e+00  0.00000000e+00  0.00000000e+00
 0.00000000e+00  0.00000000e+00  0.00000000e+00  0.00000000e+00  0.00000000e+00  0.00000000e+00  0.00000000e+00
 0.00000000e+00  0.00000000e+00  0.00000000e+00  0.00000000e+00  0.00000000e+00  0.00000000e+00  0.00000000e+00
 0.00000000e+00  0.00000000e+00  0.00000000e+00  0.00000000e+00  0.00000000e+00  0.00000000e+00  0.00000000e+00
 0.00000000e+00  0.00000000e+00  0.00000000e+00  0.00000000e+00  0.00000000e+00  0.00000000e+00  0.00000000e+00
 0.00000000e+00  0.00000000e+00  0.00000000e+00  0.00000000e+00  0.00000000e+00  0.00000000e+00  0.00000000e+00
 0.00000000e+00  0.00000000e+00  0.00000000e+00  0.00000000e+00  0.00000000e+00  0.00000000e+00  0.00000000e+00
 0.00000000e+00  0.00000000e+00  0.00000000e+00  0.00000000e+00  0.00000000e+00  0.00000000e+00  0.00000000e+00
 0.00000000e+00  0.00000000e+00  0.00000000e+00  0.00000000e+00  0.00000000e+00  0.00000000e+00  0.00000000e+00
 0.00000000e+00  0.00000000e+00  0.00000000e+00  0.00000000e+00  0.00000000e+00  0.00000000e+00  0.00000000e+00
 0.00000000e+00  0.00000000e+00  0.00000000e+00  0.00000000e+00  0.00000000e+00  0.00000000e+00  0.00000000e+00
 0.00000000e+00  0.00000000e+00  0.00000000e+00  0.00000000e+00  0.00000000e+00  0.00000000e+00  0.00000000e+00
 0.00000000e+00  0.00000000e+00  0.00000000e+00  0.00000000e+00  0.00000000e+00  0.00000000e+00  0.00000000e+00
 0.00000000e+00  0.00000000e+00  0.00000000e+00  0.00000000e+00  0.00000000e+00  0.00000000e+00  0.00000000e+00
 0.00000000e+00  0.00000000e+00  0.00000000e+00  0.00000000e+00  0.00000000e+00  0.00000000e+00  0.00000000e+00
 0.00000000e+00  0.00000000e+00  0.00000000e+00  0.00000000e+00  0.00000000e+00  0.00000000e+00  0.00000000e+00
 0.00000000e+00  0.00000000e+00  0.00000000e+00  0.00000000e+00  0.00000000e+00  0.00000000e+00  0.00000000e+00
 0.00000000e+00  0.00000000e+00  0.00000000e+00  0.00000000e+00  0.00000000e+00  0.00000000e+00  0.00000000e+00
 0.00000000e+00  0.00000000e+00  0.00000000e+00  0.00000000e+00  0.00000000e+00  0.00000000e+00  0.00000000e+00
 0.00000000e+00  0.00000000e+00  0.00000000e+00  0.00000000e+00  0.00000000e+00  0.00000000e+00  0.00000000e+00
 0.00000000e+00  0.00000000e+00  0.00000000e+00  0.00000000e+00  0.00000000e+00  0.00000000e+00  0.00000000e+00
 0.00000000e+00  0.00000000e+00  0.00000000e+00  0.00000000e+00  0.00000000e+00  0.00000000e+00  0.00000000e+00
 0.00000000e+00  0.00000000e+00  0.00000000e+00  0.00000000e+00  0.00000000e+00  0.00000000e+00  0.00000000e+00
 0.00000000e+00  0.00000000e+00  0.00000000e+00  0.00000000e+00  0.00000000e+00  0.00000000e+00  0.00000000e+00
 0.00000000e+00  0.00000000e+00  0.00000000e+00  0.00000000e+00  0.00000000e+00  0.00000000e+00  0.00000000e+00
 0.00000000e+00  0.00000000e+00  0.00000000e+00  0.00000000e+00  0.00000000e+00  0.00000000e+00  0.00000000e+00
 0.00000000e+00  0.00000000e+00  0.00000000e+00  0.00000000e+00  0.00000000e+00  0.00000000e+00  0.00000000e+00
 0.00000000e+00  0.00000000e+00  0.00000000e+00  0.00000000e+00  0.00000000e+00  0.00000000e+00  0.00000000e+00
 0.00000000e+00  0.00000000e+00  0.00000000e+00  0.00000000e+00  0.00000000e+00  0.00000000e+00  0.00000000e+00
 0.00000000e+00  0.00000000e+00  0.00000000e+00  0.00000000e+00  0.00000000e+00  0.00000000e+00  0.00000000e+00
 0.00000000e+00  0.00000000e+00  0.00000000e+00  0.00000000e+00  0.00000000e+00  0.00000000e+00  0.00000000e+00
 0.00000000e+00  0.00000000e+00  0.00000000e+00  0.00000000e+00  0.00000000e+00  0.00000000e+00  0.00000000e+00
 0.00000000e+00  0.00000000e+00  0.00000000e+00  0.00000000e+00  0.00000000e+00  0.00000000e+00  0.00000000e+00
 0.00000000e+00  0.00000000e+00  0.00000000e+00  0.00000000e+00  0.00000000e+00  0.00000000e+00  0.00000000e+00
 0.00000000e+00  0.00000000e+00  0.00000000e+00  0.00000000e+00  0.00000000e+00  0.00000000e+00  0.00000000e+00
 0.00000000e+00  0.00000000e+00  0.00000000e+00  0.00000000e+00  0.00000000e+00  0.00000000e+00  0.00000000e+00
 0.00000000e+00  0.00000000e+00  0.00000000e+00  0.00000000e+00  0.00000000e+00  0.00000000e+00  0.00000000e+00
 0.00000000e+00  0.00000000e+00  0.00000000e+00  0.00000000e+00  0.00000000e+00  0.00000000e+00  0.00000000e+00
 0.00000000e+00  0.00000000e+00  0.00000000e+00  0.00000000e+00  0.00000000e+00  0.00000000e+00  0.00000000e+00
 0.00000000e+00  0.00000000e+00  0.00000000e+00  0.00000000e+00  0.00000000e+00  0.00000000e+00  0.00000000e+00
 0.00000000e+00  0.00000000e+00  0.00000000e+00  0.00000000e+00  0.00000000e+00  0.00000000e+00  0.00000000e+00
 0.00000000e+00  0.00000000e+00  0.00000000e+00  0.00000000e+00  0.00000000e+00  0.00000000e+00  0.00000000e+00
 0.00000000e+00  0.00000000e+00  0.00000000e+00  0.00000000e+00  0.00000000e+00  0.00000000e+00  0.00000000e+00
 0.00000000e+00  0.00000000e+00  0.00000000e+00  0.00000000e+00  0.00000000e+00  0.00000000e+00  0.00000000e+00
 0.00000000e+00  0.00000000e+00  0.00000000e+00  0.00000000e+00  0.00000000e+00  0.00000000e+00  0.00000000e+00
 0.00000000e+00  0.00000000e+00  0.00000000e+00  0.00000000e+00  0.00000000e+00  0.00000000e+00  0.00000000e+00
 0.00000000e+00  0.00000000e+00  0.00000000e+00  0.00000000e+00  0.00000000e+00  0.00000000e+00  0.00000000e+00
 0.00000000e+00  0.00000000e+00  0.00000000e+00  0.00000000e+00  0.00000000e+00  0.00000000e+00  0.00000000e+00
 0.00000000e+00  0.00000000e+00  0.00000000e+00  0.00000000e+00  0.00000000e+00  0.00000000e+00  0.00000000e+00
 0.00000000e+00  0.00000000e+00  0.00000000e+00  0.00000000e+00  0.00000000e+00  0.00000000e+00  0.00000000e+00
 0.00000000e+00  0.00000000e+00  0.00000000e+00  0.00000000e+00  0.00000000e+00  0.00000000e+00  0.00000000e+00
 0.00000000e+00  0.00000000e+00  0.00000000e+00  0.00000000e+00  0.00000000e+00  0.00000000e+00  0.00000000e+00
 0.00000000e+00  0.00000000e+00  0.00000000e+00  0.00000000e+00  0.00000000e+00  0.00000000e+00  0.00000000e+00
 0.00000000e+00  0.00000000e+00  0.00000000e+00  0.00000000e+00  0.00000000e+00  0.00000000e+00  0.00000000e+00
 0.00000000e+00  0.00000000e+00  0.00000000e+00  0.00000000e+00  0.00000000e+00  0.00000000e+00  0.00000000e+00
 0.00000000e+00  0.00000000e+00  0.00000000e+00  0.00000000e+00  0.00000000e+00  0.00000000e+00  0.00000000e+00
 0.00000000e+00  0.00000000e+00  0.00000000e+00  0.00000000e+00  0.00000000e+00  0.00000000e+00  0.00000000e+00
 0.00000000e+00  0.00000000e+00  0.00000000e+00  0.00000000e+00  0.00000000e+00  0.00000000e+00  0.00000000e+00
 0.00000000e+00  0.00000000e+00  0.00000000e+00  0.00000000e+00  0.00000000e+00  0.00000000e+00  0.00000000e+00
 0.00000000e+00  0.00000000e+00  0.00000000e+00  0.00000000e+00  0.00000000e+00  0.00000000e+00  0.00000000e+00
 0.00000000e+00  0.00000000e+00  0.00000000e+00  0.00000000e+00  0.00000000e+00  0.00000000e+00  0.00000000e+00
 0.00000000e+00  0.00000000e+00  0.00000000e+00  0.00000000e+00  0.00000000e+00  0.00000000e+00  0.00000000e+00
 0.00000000e+00  0.00000000e+00  0.00000000e+00  0.00000000e+00  0.00000000e+00  0.00000000e+00  0.00000000e+00
 0.00000000e+00  0.00000000e+00  0.00000000e+00  0.00000000e+00  0.00000000e+00  0.00000000e+00  0.00000000e+00
 0.00000000e+00  0.00000000e+00  0.00000000e+00  0.00000000e+00  0.00000000e+00  0.00000000e+00  0.00000000e+00
 0.00000000e+00  0.00000000e+00  0.00000000e+00  0.00000000e+00  0.00000000e+00  0.00000000e+00  0.00000000e+00
 0.00000000e+00  0.00000000e+00  0.00000000e+00  0.00000000e+00  0.00000000e+00  0.00000000e+00  0.00000000e+00
 0.00000000e+00  0.00000000e+00  0.00000000e+00  0.00000000e+00  0.00000000e+00  0.00000000e+00  0.00000000e+00
 0.00000000e+00  0.00000000e+00  0.00000000e+00  0.00000000e+00  0.00000000e+00  0.00000000e+00  0.00000000e+00
 0.00000000e+00  0.00000000e+00  0.00000000e+00  0.00000000e+00  0.00000000e+00  0.00000000e+00  0.00000000e+00
 0.00000000e+00  0.00000000e+00  0.00000000e+00  0.00000000e+00  0.00000000e+00  0.00000000e+00  0.00000000e+00
 0.00000000e+00  0.00000000e+00  0.00000000e+00  0.00000000e+00  0.00000000e+00  0.00000000e+00  0.00000000e+00
 0.00000000e+00  0.00000000e+00  0.00000000e+00  0.00000000e+00  0.00000000e+00  0.00000000e+00  0.00000000e+00
 0.00000000e+00  0.00000000e+00  0.00000000e+00  0.00000000e+00  0.00000000e+00  0.00000000e+00  0.00000000e+00
 0.00000000e+00  0.00000000e+00  0.00000000e+00  0.00000000e+00  0.00000000e+00  0.00000000e+00  0.00000000e+00
 0.00000000e+00  0.00000000e+00  0.00000000e+00  0.00000000e+00  0.00000000e+00  0.00000000e+00  0.00000000e+00
 0.00000000e+00  0.00000000e+00  0.00000000e+00  0.00000000e+00  0.00000000e+00  0.00000000e+00  0.00000000e+00
 0.00000000e+00  0.00000000e+00  0.00000000e+00  0.00000000e+00  0.00000000e+00  0.00000000e+00  0.00000000e+00
 0.00000000e+00  0.00000000e+00  0.00000000e+00  0.00000000e+00  0.00000000e+00  0.00000000e+00  0.00000000e+00
 0.00000000e+00  0.00000000e+00  0.00000000e+00  0.00000000e+00  0.00000000e+00  0.00000000e+00  0.00000000e+00
 0.00000000e+00  0.00000000e+00  0.00000000e+00  0.00000000e+00  0.00000000e+00  0.00000000e+00  0.00000000e+00
