17795	3	0.000000E+00	8.888284E-42	-6.123700E-18
17796	3	0.000000E+00	9.941660E-42	-1.696604E-17
17797	3	0.000000E+00	1.111987E-41	-2.757455E-17
17798	3	0.000000E+00	1.243772E-41	-3.810062E-17
17799	3	0.000000E+00	1.391175E-41	-4.838270E-17
17800	3	0.000000E+00	1.556047E-41	-5.812072E-17
17801	3	0.000000E+00	1.740459E-41	-6.703652E-17
17802	3	0.000000E+00	1.946726E-41	-7.499272E-17
17803	3	0.000000E+00	2.177438E-41	-8.202399E-17
17804	3	0.000000E+00	2.435492E-41	-8.829862E-17
17805	3	0.000000E+00	2.724129E-41	-9.404609E-17
17806	3	0.000000E+00	3.046974E-41	-9.949007E-17
17807	3	0.000000E+00	3.408079E-41	-1.048105E-16
17808	3	0.000000E+00	3.811981E-41	-1.101353E-16
17809	3	0.000000E+00	4.263749E-41	-1.155486E-16
17810	3	0.000000E+00	4.769058E-41	-1.211020E-16
17811	3	0.000000E+00	5.334253E-41	-1.268259E-16
17812	3	0.000000E+00	5.966431E-41	-1.327371E-16
17813	3	0.000000E+00	6.673529E-41	-1.388434E-16
17814	3	0.000000E+00	7.464429E-41	-1.451476E-16
17815	3	0.000000E+00	8.349059E-41	-1.516485E-16
17816	3	0.000000E+00	9.338530E-41	-1.583420E-16
17817	3	0.000000E+00	1.044527E-40	-1.652214E-16
17818	3	0.000000E+00	1.168316E-40	-1.722771E-16
17819	3	0.000000E+00	1.306777E-40	-1.794960E-16
17820	3	0.000000E+00	1.461647E-40	-1.868613E-16
17821	3	0.000000E+00	1.634871E-40	-1.943515E-16
17822	3	0.000000E+00	1.828624E-40	-2.019422E-16
17823	3	0.000000E+00	2.045339E-40	-2.096066E-16
17824	3	0.000000E+00	2.287738E-40	-2.173169E-16
17825	3	0.000000E+00	2.558865E-40	-2.250393E-16
17826	3	0.000000E+00	2.862123E-40	-2.327336E-16
17827	3	0.000000E+00	3.201322E-40	-2.406814E-16
17828	3	0.000000E+00	3.580720E-40	-2.492540E-16
17829	3	0.000000E+00	4.005081E-40	-2.583717E-16
17830	3	0.000000E+00	4.479734E-40	-2.677936E-16
17831	3	0.000000E+00	5.010641E-40	-2.772749E-16
17832	3	0.000000E+00	5.604466E-40	-2.866944E-16
17833	3	0.000000E+00	6.268667E-40	-2.959634E-16
17834	3	0.000000E+00	7.011585E-40	-3.050275E-16
17835	3	0.000000E+00	7.842548E-40	-3.138450E-16
17836	3	0.000000E+00	8.771991E-40	-3.223669E-16
17837	3	0.000000E+00	9.811584E-40	-3.305297E-16
17838	3	0.000000E+00	1.097438E-39	-3.382557E-16
17839	3	0.000000E+00	1.227499E-39	-3.454554E-16
17840	3	0.000000E+00	1.372973E-39	-3.520311E-16
17841	3	0.000000E+00	1.535688E-39	-3.578802E-16
17842	3	0.000000E+00	1.717687E-39	-3.628995E-16
17843	3	0.000000E+00	1.921255E-39	-3.669882E-16
17844	3	0.000000E+00	2.148949E-39	-3.700519E-16
17845	3	0.000000E+00	2.403627E-39	-3.720040E-16
17846	3	0.000000E+00	2.688487E-39	-3.727664E-16
17847	3	0.000000E+00	3.007108E-39	-3.722686E-16
17848	3	0.000000E+00	3.363489E-39	-3.704590E-16
17849	3	0.000000E+00	3.762105E-39	-3.673701E-16
17850	3	0.000000E+00	4.207963E-39	-3.630756E-16
17851	3	0.000000E+00	4.706661E-39	-3.575960E-16
17852	3	0.000000E+00	5.264461E-39	-3.510167E-16
17853	3	0.000000E+00	5.888367E-39	-3.434954E-16
17854	3	0.000000E+00	6.586214E-39	-3.352217E-16
17855	3	0.000000E+00	7.366765E-39	-3.264118E-16
17856	3	0.000000E+00	8.239822E-39	-3.173113E-16
17857	3	0.000000E+00	9.216346E-39	-3.081990E-16
17858	3	0.000000E+00	1.030860E-38	-2.993793E-16
17859	3	0.000000E+00	1.153030E-38	-2.911749E-16
17860	3	0.000000E+00	1.289679E-38	-2.839234E-16
17861	3	0.000000E+00	1.442523E-38	-2.779758E-16
17862	3	0.000000E+00	1.613480E-38	-2.737042E-16
17863	3	0.000000E+00	1.804699E-38	-2.714979E-16
17864	3	0.000000E+00	2.018579E-38	-2.718273E-16
17865	3	0.000000E+00	2.257806E-38	-2.752388E-16
17866	3	0.000000E+00	2.525385E-38	-2.823423E-16
17867	3	0.000000E+00	2.824676E-38	-2.937375E-16
17868	3	0.000000E+00	3.159436E-38	-3.098293E-16
17869	3	0.000000E+00	3.533870E-38	-3.307470E-16
17870	3	0.000000E+00	3.645175E-38	-3.413063E-16
17871	3	0.000000E+00	3.496413E-38	-3.429464E-16
17872	3	0.000000E+00	3.353723E-38	-3.493985E-16
17873	3	0.000000E+00	3.216856E-38	-3.585978E-16
17874	3	0.000000E+00	3.085574E-38	-3.692205E-16
17875	3	0.000000E+00	2.959650E-38	-3.808076E-16
17876	3	0.000000E+00	2.838865E-38	-3.931902E-16
17877	3	0.000000E+00	2.723010E-38	-4.061886E-16
17878	3	0.000000E+00	2.611882E-38	-4.196067E-16
17879	3	0.000000E+00	2.505290E-38	-4.332946E-16
17880	3	0.000000E+00	2.403047E-38	-4.472009E-16
17881	3	0.000000E+00	2.304978E-38	-4.613879E-16
17882	3	0.000000E+00	2.210910E-38	-4.760077E-16
17883	3	0.000000E+00	2.120682E-38	-4.913392E-16
17884	3	0.000000E+00	2.034136E-38	-5.076667E-16
17885	3	0.000000E+00	1.951122E-38	-5.251680E-16
17886	3	0.000000E+00	1.871495E-38	-5.439102E-16
17887	3	0.000000E+00	1.795119E-38	-5.639104E-16
17888	3	0.000000E+00	1.721859E-38	-5.851963E-16
17889	3	0.000000E+00	1.651589E-38	-6.079079E-16
17890	3	0.000000E+00	1.584187E-38	-6.324161E-16
17891	3	0.000000E+00	1.519535E-38	-6.591828E-16
17892	3	0.000000E+00	1.457522E-38	-6.883754E-16
17893	3	0.000000E+00	1.398040E-38	-7.207911E-16
17894	3	0.000000E+00	1.340985E-38	-7.569630E-16
17895	3	0.000000E+00	1.286259E-38	-7.968567E-16
17896	3	0.000000E+00	1.233766E-38	-8.423584E-16
17897	3	0.000000E+00	1.183415E-38	-8.933013E-16
17898	3	0.000000E+00	1.135119E-38	-9.487212E-16
17899	3	0.000000E+00	1.088794E-38	-1.009998E-15
17900	3	0.000000E+00	1.044360E-38	-1.077812E-15
17901	3	0.000000E+00	1.001739E-38	-1.152572E-15
17902	3	0.000000E+00	9.608577E-39	-1.234982E-15
17903	3	0.000000E+00	9.216446E-39	-1.326275E-15
17904	3	0.000000E+00	8.840318E-39	-1.428371E-15
17905	3	0.000000E+00	8.479540E-39	-1.544400E-15
17906	3	0.000000E+00	8.133485E-39	-1.679611E-15
17907	3	0.000000E+00	7.801553E-39	-1.842496E-15
17908	3	0.000000E+00	7.483167E-39	-2.046001E-15
17909	3	0.000000E+00	7.177775E-39	-2.302732E-15
17910	3	0.000000E+00	6.884846E-39	-2.600398E-15
17911	3	0.000000E+00	6.603872E-39	-2.849944E-15
17912	3	0.000000E+00	6.334364E-39	-2.876632E-15
17913	3	0.000000E+00	6.075856E-39	-2.464829E-15
17914	3	0.000000E+00	5.827897E-39	-1.968094E-15
17915	3	0.000000E+00	5.590057E-39	-1.469843E-15
17916	3	0.000000E+00	5.361924E-39	-1.270132E-15
17917	3	0.000000E+00	5.143101E-39	-1.129971E-15
17918	3	0.000000E+00	4.933208E-39	-1.015562E-15
17919	3	0.000000E+00	4.731881E-39	-9.389103E-16
17920	3	0.000000E+00	4.538770E-39	-8.828516E-16
17921	3	0.000000E+00	4.353541E-39	-8.366958E-16
17922	3	0.000000E+00	4.175870E-39	-7.956816E-16
17923	3	0.000000E+00	4.005451E-39	-7.560519E-16
17924	3	0.000000E+00	3.841986E-39	-7.151067E-16
17925	3	0.000000E+00	3.685193E-39	-6.709290E-16
17926	3	0.000000E+00	3.534798E-39	-6.224924E-16
17927	3	0.000000E+00	3.390541E-39	-5.707056E-16
17928	3	0.000000E+00	3.252171E-39	-5.174866E-16
17929	3	0.000000E+00	3.119448E-39	-4.632642E-16
17930	3	0.000000E+00	2.992142E-39	-4.089213E-16
17931	3	0.000000E+00	2.870031E-39	-3.555363E-16
17932	3	0.000000E+00	2.752903E-39	-3.034433E-16
17933	3	0.000000E+00	2.640556E-39	-2.525381E-16
17934	3	0.000000E+00	2.532793E-39	-2.032352E-16
17935	3	0.000000E+00	2.429429E-39	-1.603634E-16
17936	3	0.000000E+00	2.330282E-39	-1.180145E-16
17937	3	0.000000E+00	2.235182E-39	-7.578103E-17
17938	3	0.000000E+00	2.143963E-39	-4.113524E-17
17939	3	0.000000E+00	2.056467E-39	-3.100728E-18
17940	3	0.000000E+00	1.972542E-39	2.377405E-17
17941	3	0.000000E+00	1.892041E-39	4.919200E-17
17942	3	0.000000E+00	1.814826E-39	7.746200E-17
17943	3	0.000000E+00	1.740762E-39	1.011014E-16
17944	3	0.000000E+00	1.669720E-39	1.223732E-16
17945	3	0.000000E+00	1.601578E-39	1.405630E-16
17946	3	0.000000E+00	1.536217E-39	1.623994E-16
17947	3	0.000000E+00	1.473523E-39	1.814854E-16
17948	3	0.000000E+00	1.413388E-39	1.986574E-16
17949	3	0.000000E+00	1.355707E-39	2.149180E-16
17950	3	0.000000E+00	1.300380E-39	2.304025E-16
17951	3	0.000000E+00	1.247310E-39	2.456272E-16
17952	3	0.000000E+00	1.196407E-39	2.611832E-16
17953	3	0.000000E+00	1.147581E-39	2.766927E-16
17954	3	0.000000E+00	1.100747E-39	2.922283E-16
17955	3	0.000000E+00	1.055825E-39	3.077587E-16
17956	3	0.000000E+00	1.012737E-39	3.236043E-16
17957	3	0.000000E+00	9.714062E-40	3.400946E-16
17958	3	0.000000E+00	9.317626E-40	3.576079E-16
17959	3	0.000000E+00	8.937369E-40	3.766013E-16
17960	3	0.000000E+00	8.572630E-40	3.976735E-16
17961	3	0.000000E+00	8.222776E-40	4.214397E-16
17962	3	0.000000E+00	7.887200E-40	4.485324E-16
17963	3	0.000000E+00	7.565319E-40	4.795237E-16
17964	3	0.000000E+00	7.256575E-40	5.149288E-16
17965	3	0.000000E+00	6.960430E-40	5.554509E-16
17966	3	0.000000E+00	6.676371E-40	6.019848E-16
17967	3	0.000000E+00	6.403905E-40	6.555741E-16
17968	3	0.000000E+00	6.142558E-40	7.173081E-16
17969	3	0.000000E+00	5.891877E-40	7.882454E-16
17970	3	0.000000E+00	5.651426E-40	8.694548E-16
17971	3	0.000000E+00	5.420788E-40	9.617629E-16
17972	3	0.000000E+00	5.199563E-40	1.065833E-15
17973	3	0.000000E+00	4.987366E-40	1.179581E-15
17974	3	0.000000E+00	4.783829E-40	1.294283E-15
17975	3	0.000000E+00	4.588598E-40	1.412725E-15
17976	3	0.000000E+00	4.401335E-40	1.525449E-15
17977	3	0.000000E+00	4.221714E-40	1.620631E-15
17978	3	0.000000E+00	4.049424E-40	1.675607E-15
17979	3	0.000000E+00	3.884165E-40	1.653628E-15
17980	3	0.000000E+00	3.725650E-40	1.510908E-15
17981	3	0.000000E+00	3.573604E-40	1.195174E-15
17982	3	0.000000E+00	3.427763E-40	6.552621E-16
17983	3	0.000000E+00	3.287874E-40	3.854360E-17
17984	3	0.000000E+00	3.153694E-40	-4.588188E-16
17985	3	0.000000E+00	3.024990E-40	-6.833408E-16
17986	3	0.000000E+00	2.901539E-40	-6.997322E-16
17987	3	0.000000E+00	2.783125E-40	-6.628161E-16
17988	3	0.000000E+00	2.669545E-40	-5.936890E-16
17989	3	0.000000E+00	2.560599E-40	-4.611685E-16
27939	3	0.000000E+00	1.820502E-40	-2.908128E-16
27943	3	0.000000E+00	1.925162E-40	-2.045303E-16
27947	3	0.000000E+00	2.034973E-40	-1.146366E-16
27951	3	0.000000E+00	2.150088E-40	-5.550351E-17
27955	3	0.000000E+00	2.270656E-40	-2.121153E-17
27959	3	0.000000E+00	2.396816E-40	-7.309565E-18
27963	3	0.000000E+00	2.528693E-40	-2.858385E-18
27967	3	0.000000E+00	2.666399E-40	-4.954839E-19
27971	3	0.000000E+00	2.810028E-40	8.613016E-19
27975	3	0.000000E+00	2.959653E-40	1.537523E-18
27979	3	0.000000E+00	3.115321E-40	1.699299E-18
27983	3	0.000000E+00	3.277053E-40	1.628974E-18
27987	3	0.000000E+00	3.444835E-40	1.475146E-18
27991	3	0.000000E+00	3.618616E-40	1.282077E-18
27995	3	0.000000E+00	3.798303E-40	1.060372E-18
27999	3	0.000000E+00	3.983752E-40	8.247688E-19
28003	3	0.000000E+00	4.174766E-40	5.886703E-19
28007	3	0.000000E+00	4.371086E-40	3.658480E-19
28011	3	0.000000E+00	4.572384E-40	1.668327E-19
28015	3	0.000000E+00	4.778254E-40	-1.490505E-20
28019	3	0.000000E+00	4.988207E-40	-1.524766E-19
28023	3	0.000000E+00	5.201659E-40	-2.546738E-19
28027	3	0.000000E+00	5.417925E-40	-3.318237E-19
28031	3	0.000000E+00	5.636204E-40	-3.810353E-19
28035	3	0.000000E+00	5.855575E-40	-3.955326E-19
28039	3	0.000000E+00	6.074985E-40	-3.789406E-19
28043	3	0.000000E+00	6.293235E-40	-3.394051E-19
28047	3	0.000000E+00	6.508974E-40	-2.796824E-19
28051	3	0.000000E+00	6.720686E-40	-2.080872E-19
28055	3	0.000000E+00	6.926684E-40	-1.121574E-19
28059	3	0.000000E+00	7.125094E-40	2.304941E-20
28063	3	0.000000E+00	7.313855E-40	1.953970E-19
28067	3	0.000000E+00	7.490707E-40	3.927138E-19
28071	3	0.000000E+00	7.653191E-40	6.331919E-19
28075	3	0.000000E+00	7.798646E-40	9.247579E-19
28079	3	0.000000E+00	7.924210E-40	1.273045E-18
28083	3	0.000000E+00	8.026831E-40	1.683879E-18
28087	3	0.000000E+00	8.103278E-40	2.163063E-18
28091	3	0.000000E+00	8.150163E-40	2.717218E-18
28095	3	0.000000E+00	8.163970E-40	3.354254E-18
28099	3	0.000000E+00	8.141099E-40	4.084925E-18
28103	3	0.000000E+00	8.077916E-40	4.900368E-18
28107	3	0.000000E+00	7.970831E-40	5.809059E-18
28111	3	0.000000E+00	7.816383E-40	6.838192E-18
28115	3	0.000000E+00	7.611359E-40	7.959770E-18
28119	3	0.000000E+00	7.352939E-40	9.058110E-18
28123	3	0.000000E+00	7.038872E-40	1.000070E-17
28127	3	0.000000E+00	6.667692E-40	1.073467E-17
28131	3	0.000000E+00	6.238992E-40	1.135115E-17
28135	3	0.000000E+00	5.753739E-40	1.198569E-17
28139	3	0.000000E+00	5.214672E-40	1.273034E-17
28143	3	0.000000E+00	4.626765E-40	1.312026E-17
28147	3	0.000000E+00	3.997794E-40	1.233633E-17
28151	3	0.000000E+00	3.339007E-40	1.215733E-17
28155	3	0.000000E+00	2.665926E-40	1.172732E-17
28159	3	0.000000E+00	1.999294E-40	1.082914E-17
28163	3	0.000000E+00	1.366200E-40	9.294280E-18
28167	3	0.000000E+00	8.014129E-41	7.226211E-18
28171	3	0.000000E+00	3.489479E-41	4.733581E-18
28175	3	0.000000E+00	6.391537E-42	1.915265E-18
2	4	0.000000E+00	1.160553E-09	7.505857E-02
4	4	0.000000E+00	1.074005E-09	1.265971E-01
6	4	0.000000E+00	9.879399E-10	1.449875E-01
8	4	0.000000E+00	9.051913E-10	1.210167E-01
10	4	0.000000E+00	8.260163E-10	8.627101E-02
12	4	0.000000E+00	7.505064E-10	3.224600E-02
14	4	0.000000E+00	6.793023E-10	3.941432E-04
16	4	0.000000E+00	6.156743E-10	5.860413E-02
17	4	0.000000E+00	5.600323E-10	9.724064E-02
18	4	0.000000E+00	5.122055E-10	2.357536E-01
19	4	0.000000E+00	4.719675E-10	3.324837E-01
20	4	0.000000E+00	4.390442E-10	5.243833E-01
21	4	0.000000E+00	4.131457E-10	7.812658E-01
22	4	0.000000E+00	3.939992E-10	1.104101E+00
23	4	0.000000E+00	3.813743E-10	3.006717E+00
24	4	0.000000E+00	3.751053E-10	5.031260E+00
97	4	0.000000E+00	9.506340E-12	1.014585E+00
104	4	0.000000E+00	3.996755E-10	4.551750E+00
105	4	0.000000E+00	9.506340E-12	1.042550E+00
112	4	0.000000E+00	4.334757E-10	3.737750E+00
113	4	0.000000E+00	9.506340E-12	1.056825E+00
120	4	0.000000E+00	4.688239E-10	3.337907E+00
121	4	0.000000E+00	9.506340E-12	1.069280E+00
128	4	0.000000E+00	5.056656E-10	3.122101E+00
129	4	0.000000E+00	9.506340E-12	1.081026E+00
136	4	0.000000E+00	5.439373E-10	3.023544E+00
137	4	0.000000E+00	9.506340E-12	1.094043E+00
144	4	0.000000E+00	5.835650E-10	2.990679E+00
17695	4	0.000000E+00	8.584949E-09	1.966928E+00
17696	4	0.000000E+00	8.584949E-09	1.105165E+00
17697	4	0.000000E+00	8.584949E-09	5.522923E-01
17698	4	0.000000E+00	8.584949E-09	4.906644E-01
17699	4	0.000000E+00	8.584949E-09	6.012741E-01
17700	4	0.000000E+00	8.584949E-09	1.285005E-01
17701	4	0.000000E+00	8.584949E-09	-1.473298E+00
17702	4	0.000000E+00	8.584949E-09	-5.903261E+00
17703	4	0.000000E+00	8.584949E-09	-1.528411E+01
17704	4	0.000000E+00	8.584949E-09	-3.704949E+01
18575	4	0.000000E+00	3.708488E-11	-9.299641E+00
18576	4	0.000000E+00	2.449371E-11	2.729404E-01
21107	4	0.000000E+00	2.250000E-10	-4.875636E+00
21108	4	0.000000E+00	1.960000E-10	-4.027892E-01
21109	4	0.000000E+00	1.690000E-10	-8.714611E+00
26960	4	0.000000E+00	5.878144E-10	7.346717E+00
26967	4	0.000000E+00	2.400069E-11	1.662713E+00
26968	4	0.000000E+00	5.006888E-10	7.159754E+00
26975	4	0.000000E+00	2.464932E-11	1.695250E+00
26976	4	0.000000E+00	4.283279E-10	6.793943E+00
26983	4	0.000000E+00	2.531548E-11	1.706908E+00
26984	4	0.000000E+00	3.680991E-10	6.342717E+00
26991	4	0.000000E+00	2.599964E-11	1.698691E+00
26992	4	0.000000E+00	3.181523E-10	5.740031E+00
26999	4	0.000000E+00	2.670229E-11	1.670937E+00
27000	4	0.000000E+00	2.767874E-10	5.279837E+00
27007	4	0.000000E+00	2.742393E-11	1.622156E+00
27008	4	0.000000E+00	2.425755E-10	5.012209E+00
27015	4	0.000000E+00	2.816508E-11	1.553330E+00
27016	4	0.000000E+00	2.143050E-10	4.693477E+00
27023	4	0.000000E+00	2.892625E-11	1.458714E+00
27024	4	0.000000E+00	1.909605E-10	4.163699E+00
27031	4	0.000000E+00	2.970799E-11	1.349031E+00
27032	4	0.000000E+00	1.716920E-10	3.416610E+00
27039	4	0.000000E+00	3.051086E-11	1.240622E+00
27040	4	0.000000E+00	1.557952E-10	2.500100E+00
27047	4	0.000000E+00	3.133543E-11	1.140458E+00
27048	4	0.000000E+00	1.426857E-10	1.315060E+00
27055	4	0.000000E+00	3.218228E-11	1.056848E+00
27056	4	0.000000E+00	1.318800E-10	3.736785E-02
27063	4	0.000000E+00	3.305202E-11	1.020828E+00
27064	4	0.000000E+00	1.229813E-10	-8.952097E-01
27071	4	0.000000E+00	3.394527E-11	1.199562E+00
27072	4	0.000000E+00	1.156595E-10	-2.593348E+00
27079	4	0.000000E+00	3.486265E-11	1.677813E+00
27080	4	0.000000E+00	7.957448E-09	1.787013E+01
27090	4	0.000000E+00	6.992845E-09	1.078072E+01
27100	4	0.000000E+00	6.131209E-09	3.498553E+00
27110	4	0.000000E+00	5.362622E-09	2.839205E+00
27120	4	0.000000E+00	4.678059E-09	1.908755E+00
27130	4	0.000000E+00	4.069309E-09	1.255209E+00
27140	4	0.000000E+00	3.528905E-09	8.880302E-01
27150	4	0.000000E+00	3.050062E-09	6.246197E-01
27160	4	0.000000E+00	2.626617E-09	4.323915E-01
27170	4	0.000000E+00	2.252973E-09	2.549462E-01
27180	4	0.000000E+00	1.760847E-11	8.156019E-01
27181	4	0.000000E+00	1.760847E-11	8.761749E-01
27182	4	0.000000E+00	1.760847E-11	9.388710E-01
27183	4	0.000000E+00	1.760847E-11	1.003992E+00
27184	4	0.000000E+00	1.760847E-11	1.070855E+00
27185	4	0.000000E+00	1.760847E-11	1.138590E+00
27186	4	0.000000E+00	1.760847E-11	1.206253E+00
27187	4	0.000000E+00	1.760847E-11	1.272648E+00
27188	4	0.000000E+00	1.760847E-11	1.336677E+00
27189	4	0.000000E+00	1.760847E-11	1.396599E+00
27190	4	0.000000E+00	1.760847E-11	1.451264E+00
27191	4	0.000000E+00	1.760847E-11	1.496153E+00
27264	4	0.000000E+00	5.662842E-10	-2.070011E+00
27265	4	0.000000E+00	5.645414E-10	-1.498222E+00
27266	4	0.000000E+00	5.600516E-10	-1.024094E+00
27267	4	0.000000E+00	5.528835E-10	-6.097627E-01
27268	4	0.000000E+00	5.431464E-10	-2.398480E-01
27269	4	0.000000E+00	5.309871E-10	9.018326E-02
27270	4	0.000000E+00	5.165871E-10	3.824385E-01
27271	4	0.000000E+00	5.001583E-10	6.371571E-01
27272	4	0.000000E+00	4.819377E-10	8.634749E-01
27273	4	0.000000E+00	4.621831E-10	1.096714E+00
27274	4	0.000000E+00	4.411666E-10	1.415764E+00
27275	4	0.000000E+00	4.191692E-10	1.965490E+00
27276	4	0.000000E+00	1.317758E-08	3.665890E+00
27285	4	0.000000E+00	6.544564E-09	-2.866067E+01
27286	4	0.000000E+00	1.439315E-08	4.776535E+00
27295	4	0.000000E+00	7.148268E-09	-1.413767E+01
27296	4	0.000000E+00	1.572085E-08	5.417661E+00
27305	4	0.000000E+00	7.807660E-09	-7.762061E+00
27306	4	0.000000E+00	1.717102E-08	5.442383E+00
27315	4	0.000000E+00	8.527879E-09	-3.091266E+00
27316	4	0.000000E+00	1.875496E-08	4.941619E+00
27325	4	0.000000E+00	9.314534E-09	-1.228297E+00
27326	4	0.000000E+00	2.048501E-08	4.101379E+00
27335	4	0.000000E+00	1.017375E-08	-6.638593E-02
27336	4	0.000000E+00	2.237466E-08	3.072342E+00
27345	4	0.000000E+00	1.111223E-08	8.048321E-01
27346	4	0.000000E+00	2.443861E-08	1.996215E+00
27355	4	0.000000E+00	1.213728E-08	1.407945E+00
27356	4	0.000000E+00	2.669295E-08	9.651882E-01
27365	4	0.000000E+00	1.325689E-08	1.812837E+00
27366	4	0.000000E+00	2.915524E-08	5.558424E-02
27375	4	0.000000E+00	1.447977E-08	2.165156E+00
27376	4	0.000000E+00	3.184467E-08	-6.730080E-01
27385	4	0.000000E+00	1.581546E-08	2.471864E+00
27386	4	0.000000E+00	3.478219E-08	-1.160828E+00
27395	4	0.000000E+00	1.727435E-08	2.585818E+00
27396	4	0.000000E+00	3.799067E-08	-1.406314E+00
27405	4	0.000000E+00	1.886783E-08	2.518015E+00
27406	4	0.000000E+00	4.149513E-08	-1.439574E+00
27415	4	0.000000E+00	2.060829E-08	2.252308E+00
27416	4	0.000000E+00	4.532285E-08	-1.303063E+00
27425	4	0.000000E+00	2.250931E-08	1.895423E+00
27426	4	0.000000E+00	4.950366E-08	-1.052815E+00
27435	4	0.000000E+00	2.458568E-08	1.491818E+00
27436	4	0.000000E+00	5.407013E-08	-7.479302E-01
27445	4	0.000000E+00	2.685359E-08	1.089705E+00
27446	4	0.000000E+00	5.905783E-08	-4.412015E-01
27455	4	0.000000E+00	2.933070E-08	7.189388E-01
27456	4	0.000000E+00	6.450563E-08	-1.692048E-01
27465	4	0.000000E+00	3.203631E-08	4.013195E-01
27466	4	0.000000E+00	7.045595E-08	5.444816E-02
27475	4	0.000000E+00	3.499151E-08	1.502508E-01
27476	4	0.000000E+00	7.695517E-08	2.115281E-01
27485	4	0.000000E+00	3.821930E-08	-3.307898E-02
27486	4	0.000000E+00	8.405391E-08	2.871583E-01
27495	4	0.000000E+00	4.174484E-08	-1.421986E-01
27496	4	0.000000E+00	9.180747E-08	2.940659E-01
27505	4	0.000000E+00	4.559560E-08	-1.993954E-01
27506	4	0.000000E+00	1.002763E-07	2.559178E-01
27515	4	0.000000E+00	4.980157E-08	-1.887927E-01
27516	4	0.000000E+00	1.095262E-07	2.077729E-01
27525	4	0.000000E+00	5.439552E-08	-1.526307E-01
27526	4	0.000000E+00	1.196295E-07	1.431957E-01
27535	4	0.000000E+00	5.941324E-08	-1.108563E-01
27536	4	0.000000E+00	1.306647E-07	8.267183E-02
27545	4	0.000000E+00	6.489382E-08	-7.019674E-02
27546	4	0.000000E+00	1.427179E-07	3.097055E-02
27555	4	0.000000E+00	7.087996E-08	-3.932381E-02
27556	4	0.000000E+00	1.558830E-07	-1.862330E-03
27565	4	0.000000E+00	7.741829E-08	-1.740564E-02
27566	4	0.000000E+00	1.702624E-07	-1.666649E-02
27575	4	0.000000E+00	8.455974E-08	-7.808961E-03
27576	4	0.000000E+00	1.859683E-07	-6.982774E-02
27585	4	0.000000E+00	9.235996E-08	-2.350096E-02
27586	4	0.000000E+00	2.031229E-07	-1.688258E-02
27595	4	0.000000E+00	1.008797E-07	2.291477E-02
27596	4	0.000000E+00	2.218600E-07	-5.870165E-02
27605	4	0.000000E+00	1.101854E-07	-6.958558E-02
27606	4	0.000000E+00	2.423255E-07	-1.007560E+00
27615	4	0.000000E+00	1.203494E-07	-6.235968E-01
27616	4	0.000000E+00	2.689723E-09	-4.317595E-01
27623	4	0.000000E+00	6.018517E-08	-2.433773E+00
27624	4	0.000000E+00	2.373672E-09	-3.601198E-01
27631	4	0.000000E+00	5.311240E-08	-2.396669E+00
27632	4	0.000000E+00	2.094758E-09	-3.238315E-01
27639	4	0.000000E+00	4.687085E-08	-2.274486E+00
27640	4	0.000000E+00	1.848618E-09	-2.858239E-01
27647	4	0.000000E+00	4.136281E-08	-2.058299E+00
27648	4	0.000000E+00	1.631399E-09	-2.566124E-01
27655	4	0.000000E+00	3.650208E-08	-1.885610E+00
27656	4	0.000000E+00	1.439705E-09	-2.277269E-01
27663	4	0.000000E+00	3.221259E-08	-1.709013E+00
27664	4	0.000000E+00	1.270535E-09	-2.034503E-01
27671	4	0.000000E+00	2.842719E-08	-1.541369E+00
27672	4	0.000000E+00	1.121243E-09	-1.816473E-01
27679	4	0.000000E+00	2.508664E-08	-1.388161E+00
27680	4	0.000000E+00	9.894937E-10	-1.619431E-01
27687	4	0.000000E+00	2.213866E-08	-1.249348E+00
27688	4	0.000000E+00	8.732251E-10	-1.437538E-01
27695	4	0.000000E+00	1.953711E-08	-1.122495E+00
27696	4	0.000000E+00	7.706185E-10	-1.266753E-01
27703	4	0.000000E+00	1.724129E-08	-1.010181E+00
27704	4	0.000000E+00	6.800684E-10	-1.104338E-01
27711	4	0.000000E+00	1.521526E-08	-9.039760E-01
27712	4	0.000000E+00	6.001583E-10	-9.458918E-02
27719	4	0.000000E+00	1.342731E-08	-7.867920E-01
27720	4	0.000000E+00	5.296378E-10	-7.846314E-02
27727	4	0.000000E+00	1.184947E-08	-6.706232E-01
27728	4	0.000000E+00	4.674037E-10	-6.148444E-02
27735	4	0.000000E+00	1.045705E-08	-6.136342E-01
27736	4	0.000000E+00	4.124823E-10	-4.343881E-02
27743	4	0.000000E+00	9.228257E-09	-5.862137E-01
27744	4	0.000000E+00	3.640144E-10	-2.368400E-02
27751	4	0.000000E+00	8.143859E-09	-5.690414E-01
27752	4	0.000000E+00	3.212416E-10	-9.721060E-04
27759	4	0.000000E+00	7.186889E-09	-5.636331E-01
27760	4	0.000000E+00	2.834947E-10	2.524564E-02
27767	4	0.000000E+00	6.342373E-09	-5.684936E-01
27768	4	0.000000E+00	2.501832E-10	5.492619E-02
27775	4	0.000000E+00	5.597096E-09	-5.850939E-01
27776	4	0.000000E+00	2.207859E-10	8.796925E-02
27783	4	0.000000E+00	4.939397E-09	-6.138822E-01
27784	4	0.000000E+00	1.948429E-10	1.242986E-01
27791	4	0.000000E+00	4.358983E-09	-6.541878E-01
27792	4	0.000000E+00	1.719482E-10	1.635537E-01
27799	4	0.000000E+00	3.846773E-09	-7.059020E-01
27800	4	0.000000E+00	1.517438E-10	2.052617E-01
27807	4	0.000000E+00	3.394752E-09	-7.682888E-01
27808	4	0.000000E+00	1.339134E-10	2.487433E-01
27815	4	0.000000E+00	2.995847E-09	-8.401259E-01
27816	4	0.000000E+00	1.181782E-10	2.941703E-01
27823	4	0.000000E+00	2.643817E-09	-9.201459E-01
27824	4	0.000000E+00	1.042919E-10	3.425195E-01
27831	4	0.000000E+00	2.333152E-09	-1.006793E+00
27832	4	0.000000E+00	9.203725E-11	3.920670E-01
27839	4	0.000000E+00	2.058993E-09	-1.098166E+00
27840	4	0.000000E+00	8.122259E-11	4.406863E-01
27847	4	0.000000E+00	1.817050E-09	-1.192229E+00
27848	4	0.000000E+00	7.167868E-11	4.886856E-01
27855	4	0.000000E+00	1.603537E-09	-1.286575E+00
27856	4	0.000000E+00	6.325622E-11	5.364593E-01
27863	4	0.000000E+00	1.415113E-09	-1.378312E+00
27864	4	0.000000E+00	5.582341E-11	5.835360E-01
27871	4	0.000000E+00	1.248830E-09	-1.463943E+00
27872	4	0.000000E+00	4.926399E-11	6.288487E-01
27879	4	0.000000E+00	1.102086E-09	-1.543350E+00
27880	4	0.000000E+00	4.347532E-11	6.709469E-01
27887	4	0.000000E+00	9.725852E-10	-1.616027E+00
27888	4	0.000000E+00	3.836683E-11	7.083710E-01
27895	4	0.000000E+00	8.583017E-10	-1.679231E+00
27896	4	0.000000E+00	3.385861E-11	7.401368E-01
27903	4	0.000000E+00	7.574472E-10	-1.732433E+00
27904	4	0.000000E+00	2.988012E-11	7.671159E-01
27911	4	0.000000E+00	6.684437E-10	-1.774856E+00
27912	4	0.000000E+00	2.636911E-11	7.879944E-01
27919	4	0.000000E+00	5.898985E-10	-1.806522E+00
27920	4	0.000000E+00	2.327066E-11	8.034649E-01
27927	4	0.000000E+00	5.205828E-10	-1.827855E+00
27928	4	0.000000E+00	2.053629E-11	8.140533E-01
27935	4	0.000000E+00	4.594120E-10	-1.840236E+00
27936	4	0.000000E+00	1.064513E-11	2.590261E-01
27940	4	0.000000E+00	1.137900E-11	1.204180E-01
27944	4	0.000000E+00	1.216345E-11	4.930328E-02
27948	4	0.000000E+00	1.300199E-11	2.064892E-02
27952	4	0.000000E+00	1.389834E-11	6.557960E-03
27956	4	0.000000E+00	1.485648E-11	1.051322E-03
27960	4	0.000000E+00	1.588067E-11	-1.030230E-03
27964	4	0.000000E+00	1.697547E-11	-1.696747E-03
27968	4	0.000000E+00	1.814574E-11	-1.851558E-03
27972	4	0.000000E+00	1.939669E-11	-1.879275E-03
27976	4	0.000000E+00	2.073388E-11	-1.798362E-03
27980	4	0.000000E+00	2.216326E-11	-1.699869E-03
27984	4	0.000000E+00	2.369117E-11	-1.590871E-03
27988	4	0.000000E+00	2.532442E-11	-1.465535E-03
27992	4	0.000000E+00	2.707027E-11	-1.326449E-03
27996	4	0.000000E+00	2.893647E-11	-1.183507E-03
28000	4	0.000000E+00	3.093132E-11	-1.048870E-03
28004	4	0.000000E+00	3.306370E-11	-9.347648E-04
28008	4	0.000000E+00	3.534308E-11	-8.523186E-04
28012	4	0.000000E+00	3.777960E-11	-8.079701E-04
28016	4	0.000000E+00	4.038409E-11	-7.980085E-04
28020	4	0.000000E+00	4.316814E-11	-8.140864E-04
28024	4	0.000000E+00	4.614411E-11	-8.481712E-04
28028	4	0.000000E+00	4.932524E-11	-8.930295E-04
28032	4	0.000000E+00	5.272568E-11	-9.508834E-04
28036	4	0.000000E+00	5.636054E-11	-1.022838E-03
28040	4	0.000000E+00	6.024599E-11	-1.109063E-03
28044	4	0.000000E+00	6.439929E-11	-1.210008E-03
28048	4	0.000000E+00	6.883892E-11	-1.326930E-03
28052	4	0.000000E+00	7.358461E-11	-1.461208E-03
28056	4	0.000000E+00	7.865747E-11	-1.614417E-03
28060	4	0.000000E+00	8.408005E-11	-1.788617E-03
28064	4	0.000000E+00	8.987645E-11	-1.986333E-03
28068	4	0.000000E+00	9.607245E-11	-2.210199E-03
28072	4	0.000000E+00	1.026956E-10	-2.463872E-03
28076	4	0.000000E+00	1.097753E-10	-2.751828E-03
28080	4	0.000000E+00	1.173432E-10	-3.079534E-03
28084	4	0.000000E+00	1.254327E-10	-3.452825E-03
28088	4	0.000000E+00	1.340799E-10	-3.878248E-03
28092	4	0.000000E+00	1.433233E-10	-4.360685E-03
28096	4	0.000000E+00	1.532038E-10	-4.915890E-03
28100	4	0.000000E+00	1.637656E-10	-5.554553E-03
28104	4	0.000000E+00	1.750554E-10	-6.284521E-03
28108	4	0.000000E+00	1.871236E-10	-7.120441E-03
28112	4	0.000000E+00	2.000237E-10	-8.072462E-03
28116	4	0.000000E+00	2.138132E-10	-9.152280E-03
28120	4	0.000000E+00	2.285533E-10	-1.037511E-02
28124	4	0.000000E+00	2.443095E-10	-1.176603E-02
28128	4	0.000000E+00	2.611520E-10	-1.335935E-02
28132	4	0.000000E+00	2.791556E-10	-1.520856E-02
28136	4	0.000000E+00	2.984003E-10	-1.733353E-02
28140	4	0.000000E+00	3.189718E-10	-2.001077E-02
28144	4	0.000000E+00	3.409614E-10	-2.338901E-02
28148	4	0.000000E+00	3.644670E-10	-2.671825E-02
28152	4	0.000000E+00	3.895930E-10	-3.042566E-02
28156	4	0.000000E+00	4.164512E-10	-3.489010E-02
28160	4	0.000000E+00	4.451610E-10	-3.959011E-02
28164	4	0.000000E+00	4.758500E-10	-4.775796E-02
28168	4	0.000000E+00	5.086546E-10	-5.324847E-02
28172	4	0.000000E+00	5.437208E-10	-5.747902E-02
145	5	0.000000E+00	2.531744E-06	2.997102E-01
145	5	0.000000E+00	3.767525E-09	-3.291970E-01
146	5	0.000000E+00	2.422386E-06	2.177901E-01
147	5	0.000000E+00	2.317486E-06	5.471398E-02
148	5	0.000000E+00	2.216871E-06	-1.053408E-01
149	5	0.000000E+00	2.120373E-06	-1.360654E-01
150	5	0.000000E+00	2.027831E-06	-6.478357E-02
151	5	0.000000E+00	1.939089E-06	8.365896E-03
152	5	0.000000E+00	1.853999E-06	4.169209E-02
153	5	0.000000E+00	1.772417E-06	2.630586E-02
154	5	0.000000E+00	1.694205E-06	-9.559550E-03
155	5	0.000000E+00	1.619230E-06	-3.149894E-02
156	5	0.000000E+00	1.547365E-06	-3.506403E-02
157	5	0.000000E+00	1.478486E-06	-3.668586E-02
158	5	0.000000E+00	1.412476E-06	-4.770917E-02
159	5	0.000000E+00	1.349221E-06	-6.539862E-02
160	5	0.000000E+00	1.288611E-06	-8.264655E-02
161	5	0.000000E+00	1.230542E-06	-9.960946E-02
162	5	0.000000E+00	1.174913E-06	-1.088557E-01
163	5	0.000000E+00	1.121625E-06	-1.140643E-01
164	5	0.000000E+00	1.070586E-06	-1.124936E-01
165	5	0.000000E+00	1.021706E-06	-1.060360E-01
166	5	0.000000E+00	9.748984E-07	-9.676310E-02
167	5	0.000000E+00	9.300800E-07	-8.620021E-02
168	5	0.000000E+00	8.871709E-07	-7.557897E-02
169	5	0.000000E+00	8.460944E-07	-6.554861E-02
170	5	0.000000E+00	8.067766E-07	-5.644808E-02
171	5	0.000000E+00	7.691466E-07	-4.841395E-02
172	5	0.000000E+00	7.331361E-07	-4.145222E-02
173	5	0.000000E+00	6.986795E-07	-3.545913E-02
174	5	0.000000E+00	6.657137E-07	-3.033704E-02
175	5	0.000000E+00	6.341782E-07	-2.594713E-02
176	5	0.000000E+00	6.040147E-07	-2.220999E-02
177	5	0.000000E+00	5.751673E-07	-1.903544E-02
178	5	0.000000E+00	5.475822E-07	-1.633233E-02
179	5	0.000000E+00	5.212076E-07	-1.400261E-02
180	5	0.000000E+00	4.959940E-07	-1.202281E-02
181	5	0.000000E+00	4.718936E-07	-1.031955E-02
182	5	0.000000E+00	4.488605E-07	-8.859711E-03
183	5	0.000000E+00	4.268507E-07	-7.592852E-03
184	5	0.000000E+00	4.058219E-07	-6.473971E-03
185	5	0.000000E+00	3.857335E-07	-5.524478E-03
186	5	0.000000E+00	3.665463E-07	-4.689705E-03
187	5	0.000000E+00	3.482229E-07	-3.958647E-03
188	5	0.000000E+00	3.307272E-07	-3.323059E-03
189	5	0.000000E+00	3.140247E-07	-2.741123E-03
190	5	0.000000E+00	2.980821E-07	-2.178762E-03
191	5	0.000000E+00	2.828675E-07	-1.664402E-03
192	5	0.000000E+00	2.683503E-07	-1.161424E-03
193	5	0.000000E+00	2.545010E-07	-7.352835E-04
194	5	0.000000E+00	2.412914E-07	-4.640518E-04
195	5	0.000000E+00	2.286944E-07	1.691833E-05
196	5	0.000000E+00	2.166839E-07	5.617599E-04
197	5	0.000000E+00	2.052350E-07	1.036150E-03
198	5	0.000000E+00	1.943236E-07	1.526785E-03
199	5	0.000000E+00	1.839268E-07	2.038729E-03
200	5	0.000000E+00	1.740223E-07	2.540665E-03
201	5	0.000000E+00	1.645891E-07	3.083621E-03
202	5	0.000000E+00	1.556068E-07	3.751567E-03
203	5	0.000000E+00	1.470558E-07	4.415144E-03
204	5	0.000000E+00	1.389175E-07	5.071213E-03
205	5	0.000000E+00	1.311738E-07	5.788538E-03
206	5	0.000000E+00	1.238074E-07	6.641991E-03
207	5	0.000000E+00	1.168020E-07	7.337384E-03
208	5	0.000000E+00	1.101415E-07	8.207833E-03
209	5	0.000000E+00	1.038108E-07	9.076782E-03
210	5	0.000000E+00	9.779535E-08	9.814134E-03
211	5	0.000000E+00	9.208106E-08	1.072073E-02
212	5	0.000000E+00	8.665456E-08	1.171620E-02
213	5	0.000000E+00	8.150298E-08	1.266359E-02
214	5	0.000000E+00	7.661400E-08	1.364306E-02
215	5	0.000000E+00	7.197580E-08	1.456546E-02
216	5	0.000000E+00	6.757704E-08	1.545849E-02
217	5	0.000000E+00	6.340688E-08	1.648590E-02
218	5	0.000000E+00	5.945490E-08	1.749423E-02
219	5	0.000000E+00	5.571115E-08	1.846080E-02
220	5	0.000000E+00	5.216606E-08	1.942362E-02
221	5	0.000000E+00	4.881050E-08	2.033402E-02
222	5	0.000000E+00	4.563569E-08	2.115535E-02
223	5	0.000000E+00	4.263324E-08	2.207418E-02
224	5	0.000000E+00	3.979511E-08	2.295303E-02
225	5	0.000000E+00	3.711360E-08	2.376937E-02
226	5	0.000000E+00	3.458134E-08	2.454253E-02
227	5	0.000000E+00	3.219128E-08	2.526948E-02
228	5	0.000000E+00	2.993666E-08	2.589363E-02
229	5	0.000000E+00	2.781101E-08	2.649626E-02
230	5	0.000000E+00	2.580815E-08	2.708511E-02
231	5	0.000000E+00	2.392216E-08	2.760289E-02
232	5	0.000000E+00	2.214736E-08	2.803993E-02
233	5	0.000000E+00	2.047835E-08	2.843052E-02
234	5	0.000000E+00	1.890994E-08	2.882773E-02
235	5	0.000000E+00	4.214025E-09	-1.008098E+00
325	5	0.000000E+00	4.713441E-09	-1.737181E+00
415	5	0.000000E+00	5.272045E-09	-2.492381E+00
505	5	0.000000E+00	5.896849E-09	-3.264559E+00
595	5	0.000000E+00	6.595702E-09	-4.043625E+00
685	5	0.000000E+00	7.377377E-09	-4.813298E+00
775	5	0.000000E+00	8.251691E-09	-5.552417E+00
865	5	0.000000E+00	9.229623E-09	-6.241513E+00
955	5	0.000000E+00	1.032345E-08	-6.916439E+00
1045	5	0.000000E+00	1.154691E-08	-7.542062E+00
1135	5	0.000000E+00	1.291537E-08	-8.127629E+00
1225	5	0.000000E+00	1.444601E-08	-8.686486E+00
1315	5	0.000000E+00	1.615805E-08	-9.248865E+00
1405	5	0.000000E+00	1.807298E-08	-9.850123E+00
1495	5	0.000000E+00	2.021486E-08	-1.050273E+01
1585	5	0.000000E+00	2.261059E-08	-1.118580E+01
1675	5	0.000000E+00	2.529023E-08	-1.186845E+01
1765	5	0.000000E+00	2.828745E-08	-1.251816E+01
1855	5	0.000000E+00	3.163988E-08	-1.310066E+01
1945	5	0.000000E+00	3.538961E-08	-1.361494E+01
2035	5	0.000000E+00	3.958373E-08	-1.410593E+01
2125	5	0.000000E+00	4.427491E-08	-1.442168E+01
2215	5	0.000000E+00	4.952206E-08	-1.457198E+01
2305	5	0.000000E+00	5.539106E-08	-1.448183E+01
2395	5	0.000000E+00	6.195561E-08	-1.378592E+01
2485	5	0.000000E+00	6.929815E-08	-1.262797E+01
2575	5	0.000000E+00	7.751087E-08	-1.136670E+01
2665	5	0.000000E+00	8.669691E-08	-9.797211E+00
2755	5	0.000000E+00	9.697160E-08	-7.867402E+00
2845	5	0.000000E+00	1.084640E-07	-5.488044E+00
2935	5	0.000000E+00	1.213184E-07	-2.491349E+00
3025	5	0.000000E+00	1.356962E-07	7.932832E-01
3115	5	0.000000E+00	1.517779E-07	4.768979E+00
3205	5	0.000000E+00	1.697655E-07	9.178087E+00
3295	5	0.000000E+00	1.898849E-07	1.389481E+01
3385	5	0.000000E+00	2.123887E-07	1.892499E+01
3475	5	0.000000E+00	2.375595E-07	2.427312E+01
3565	5	0.000000E+00	2.657134E-07	2.991609E+01
3655	5	0.000000E+00	2.972038E-07	3.561880E+01
3745	5	0.000000E+00	3.324263E-07	4.083878E+01
3835	5	0.000000E+00	3.718231E-07	4.546320E+01
3925	5	0.000000E+00	4.158889E-07	4.958003E+01
4015	5	0.000000E+00	4.651771E-07	5.310498E+01
4105	5	0.000000E+00	5.203066E-07	5.650895E+01
4195	5	0.000000E+00	5.819696E-07	5.905454E+01
4285	5	0.000000E+00	6.509405E-07	6.076803E+01
4375	5	0.000000E+00	7.280853E-07	6.159731E+01
4465	5	0.000000E+00	8.143728E-07	6.156314E+01
4555	5	0.000000E+00	9.108864E-07	6.080403E+01
4645	5	0.000000E+00	1.018838E-06	5.891141E+01
4735	5	0.000000E+00	1.139584E-06	5.613496E+01
4825	5	0.000000E+00	1.274639E-06	5.276492E+01
4915	5	0.000000E+00	1.425700E-06	4.890834E+01
5005	5	0.000000E+00	1.594664E-06	4.463868E+01
5095	5	0.000000E+00	1.783652E-06	4.001817E+01
5185	5	0.000000E+00	1.995038E-06	3.511705E+01
5275	5	0.000000E+00	2.231475E-06	3.002943E+01
5365	5	0.000000E+00	2.495934E-06	2.479240E+01
5455	5	0.000000E+00	2.791734E-06	1.952414E+01
5545	5	0.000000E+00	3.122590E-06	1.433204E+01
5635	5	0.000000E+00	3.492658E-06	9.140743E+00
5725	5	0.000000E+00	3.906582E-06	3.774474E+00
5815	5	0.000000E+00	4.369563E-06	-1.690719E+00
5905	5	0.000000E+00	4.887412E-06	-7.272101E+00
5995	5	0.000000E+00	5.466633E-06	-1.336019E+01
6085	5	0.000000E+00	6.114500E-06	-1.953990E+01
6175	5	0.000000E+00	6.839146E-06	-2.634073E+01
6265	5	0.000000E+00	7.649673E-06	-3.376587E+01
6355	5	0.000000E+00	8.556258E-06	-4.230855E+01
6445	5	0.000000E+00	9.570284E-06	-5.318471E+01
6535	5	0.000000E+00	1.070449E-05	-6.710613E+01
6625	5	0.000000E+00	1.197311E-05	-8.632750E+01
6715	5	0.000000E+00	1.339207E-05	-1.081137E+02
6805	5	0.000000E+00	1.497921E-05	-1.228595E+02
6895	5	0.000000E+00	1.545100E-05	-1.141648E+02
6985	5	0.000000E+00	1.482044E-05	-8.317270E+01
7075	5	0.000000E+00	1.421561E-05	-5.099384E+01
7165	5	0.000000E+00	1.363546E-05	-3.794376E+01
7255	5	0.000000E+00	1.307899E-05	-2.893950E+01
7345	5	0.000000E+00	1.254523E-05	-2.089529E+01
7435	5	0.000000E+00	1.203325E-05	-1.439186E+01
7525	5	0.000000E+00	1.154217E-05	-3.789467E+00
7615	5	0.000000E+00	1.107113E-05	3.142860E+00
7705	5	0.000000E+00	1.061931E-05	5.258228E+00
7795	5	0.000000E+00	1.018593E-05	5.227241E+00
7885	5	0.000000E+00	9.770234E-06	5.844828E+00
7975	5	0.000000E+00	9.371505E-06	7.024827E+00
8065	5	0.000000E+00	8.989049E-06	8.139487E+00
8155	5	0.000000E+00	8.622201E-06	8.516355E+00
8245	5	0.000000E+00	8.270324E-06	8.125184E+00
8335	5	0.000000E+00	7.932808E-06	7.294287E+00
8425	5	0.000000E+00	7.609066E-06	6.424162E+00
8515	5	0.000000E+00	7.298536E-06	5.522249E+00
8605	5	0.000000E+00	7.000678E-06	4.825144E+00
8695	5	0.000000E+00	6.714977E-06	4.111206E+00
8785	5	0.000000E+00	6.440935E-06	3.445996E+00
8875	5	0.000000E+00	6.178077E-06	3.322605E+00
8965	5	0.000000E+00	5.925946E-06	3.182314E+00
9055	5	0.000000E+00	5.684105E-06	3.057975E+00
9145	5	0.000000E+00	5.452134E-06	2.889322E+00
9235	5	0.000000E+00	5.229629E-06	2.661114E+00
9325	5	0.000000E+00	5.016205E-06	2.454315E+00
9415	5	0.000000E+00	4.811491E-06	2.264560E+00
9505	5	0.000000E+00	4.615132E-06	2.092748E+00
9595	5	0.000000E+00	4.426786E-06	1.933107E+00
9685	5	0.000000E+00	4.246126E-06	1.782907E+00
9775	5	0.000000E+00	4.072839E-06	1.644808E+00
9865	5	0.000000E+00	3.906625E-06	1.532900E+00
9955	5	0.000000E+00	3.747193E-06	1.447635E+00
10045	5	0.000000E+00	3.594268E-06	1.313626E+00
10135	5	0.000000E+00	3.447584E-06	1.204530E+00
10225	5	0.000000E+00	3.306886E-06	1.117371E+00
10315	5	0.000000E+00	3.171931E-06	1.037364E+00
10405	5	0.000000E+00	3.042482E-06	9.608117E-01
10495	5	0.000000E+00	2.918317E-06	8.864432E-01
10585	5	0.000000E+00	2.799219E-06	8.171769E-01
10675	5	0.000000E+00	2.684981E-06	7.573735E-01
10765	5	0.000000E+00	2.575406E-06	7.037202E-01
10855	5	0.000000E+00	2.470302E-06	6.524311E-01
10945	5	0.000000E+00	2.369488E-06	6.024768E-01
11035	5	0.000000E+00	2.272788E-06	5.548079E-01
11125	5	0.000000E+00	2.180034E-06	5.102767E-01
11215	5	0.000000E+00	2.091065E-06	4.681332E-01
11305	5	0.000000E+00	2.005728E-06	4.284838E-01
11395	5	0.000000E+00	1.923873E-06	3.892870E-01
11485	5	0.000000E+00	1.845359E-06	3.485216E-01
11575	5	0.000000E+00	1.770049E-06	3.153503E-01
11665	5	0.000000E+00	1.697812E-06	2.880532E-01
11755	5	0.000000E+00	1.628523E-06	2.615470E-01
11845	5	0.000000E+00	1.562062E-06	2.362648E-01
11935	5	0.000000E+00	1.498314E-06	2.125943E-01
12025	5	0.000000E+00	1.437167E-06	1.907048E-01
12115	5	0.000000E+00	1.378515E-06	1.709569E-01
12205	5	0.000000E+00	1.322257E-06	1.537244E-01
12295	5	0.000000E+00	1.268295E-06	1.391399E-01
12385	5	0.000000E+00	1.216536E-06	1.273098E-01
12475	5	0.000000E+00	1.166888E-06	1.182415E-01
12565	5	0.000000E+00	1.119267E-06	1.119743E-01
12655	5	0.000000E+00	1.073589E-06	1.085711E-01
12745	5	0.000000E+00	1.029775E-06	1.080580E-01
12835	5	0.000000E+00	9.877494E-07	1.104374E-01
12925	5	0.000000E+00	9.474388E-07	1.155974E-01
13015	5	0.000000E+00	9.087733E-07	1.232838E-01
13105	5	0.000000E+00	8.716858E-07	1.333696E-01
13195	5	0.000000E+00	8.361118E-07	1.457438E-01
13285	5	0.000000E+00	8.019896E-07	1.602115E-01
13375	5	0.000000E+00	7.692600E-07	1.764907E-01
13465	5	0.000000E+00	7.378661E-07	1.941751E-01
13555	5	0.000000E+00	7.077534E-07	2.126458E-01
13645	5	0.000000E+00	6.788696E-07	2.312787E-01
13735	5	0.000000E+00	6.511645E-07	2.500234E-01
13825	5	0.000000E+00	6.245901E-07	2.684308E-01
13915	5	0.000000E+00	5.991003E-07	2.860958E-01
14005	5	0.000000E+00	5.746507E-07	3.025613E-01
14095	5	0.000000E+00	5.511989E-07	3.172005E-01
14185	5	0.000000E+00	5.287041E-07	3.294540E-01
14275	5	0.000000E+00	5.071274E-07	3.388395E-01
14365	5	0.000000E+00	4.864313E-07	3.449871E-01
14455	5	0.000000E+00	4.665798E-07	3.476901E-01
14545	5	0.000000E+00	4.475384E-07	3.468163E-01
14635	5	0.000000E+00	4.292741E-07	3.423575E-01
14725	5	0.000000E+00	4.117552E-07	3.344067E-01
14815	5	0.000000E+00	3.949513E-07	3.231491E-01
14905	5	0.000000E+00	3.788331E-07	3.088192E-01
14995	5	0.000000E+00	3.633727E-07	2.915825E-01
15085	5	0.000000E+00	3.485433E-07	2.713060E-01
15175	5	0.000000E+00	3.343190E-07	2.474262E-01
15265	5	0.000000E+00	3.206753E-07	2.200403E-01
15355	5	0.000000E+00	3.075883E-07	1.953313E-01
15445	5	0.000000E+00	2.950355E-07	1.712126E-01
15535	5	0.000000E+00	2.829949E-07	1.475531E-01
15625	5	0.000000E+00	2.714458E-07	1.233853E-01
15715	5	0.000000E+00	2.603679E-07	9.853400E-02
15805	5	0.000000E+00	2.497422E-07	7.391906E-02
15895	5	0.000000E+00	2.395500E-07	5.169962E-02
15985	5	0.000000E+00	2.297739E-07	3.160574E-02
16075	5	0.000000E+00	2.203967E-07	1.342033E-02
16165	5	0.000000E+00	2.114022E-07	-1.447113E-03
16255	5	0.000000E+00	2.027747E-07	-1.651624E-02
16345	5	0.000000E+00	1.944994E-07	-3.212120E-02
16435	5	0.000000E+00	1.865618E-07	-4.577575E-02
16525	5	0.000000E+00	1.789481E-07	-5.711073E-02
16615	5	0.000000E+00	1.716451E-07	-6.715396E-02
16705	5	0.000000E+00	1.646402E-07	-7.710168E-02
16795	5	0.000000E+00	1.579211E-07	-8.264189E-02
16885	5	0.000000E+00	1.514763E-07	-8.649222E-02
16975	5	0.000000E+00	1.452944E-07	-8.874347E-02
17065	5	0.000000E+00	1.393649E-07	-8.782727E-02
17155	5	0.000000E+00	1.336773E-07	-8.409454E-02
17245	5	0.000000E+00	1.282219E-07	-7.726739E-02
17335	5	0.000000E+00	1.229891E-07	-6.620883E-02
17425	5	0.000000E+00	1.179698E-07	-5.090469E-02
17515	5	0.000000E+00	1.131554E-07	-3.218569E-02
17605	5	0.000000E+00	2.531744E-06	1.048837E-02
17605	5	0.000000E+00	1.085375E-07	-1.100820E-02
17606	5	0.000000E+00	2.422386E-06	1.364162E-02
17607	5	0.000000E+00	2.317486E-06	5.861216E-03
17608	5	0.000000E+00	2.216871E-06	-5.038118E-03
17609	5	0.000000E+00	2.120373E-06	-7.649961E-03
17610	5	0.000000E+00	2.027831E-06	-1.103323E-02
17611	5	0.000000E+00	1.939089E-06	-1.422856E-02
17612	5	0.000000E+00	1.853999E-06	-1.603726E-02
17613	5	0.000000E+00	1.772417E-06	-1.786221E-02
17614	5	0.000000E+00	1.694205E-06	-1.956003E-02
17615	5	0.000000E+00	1.619230E-06	-2.102860E-02
17616	5	0.000000E+00	1.547365E-06	-2.209019E-02
17617	5	0.000000E+00	1.478486E-06	-2.262724E-02
17618	5	0.000000E+00	1.412476E-06	-2.258519E-02
17619	5	0.000000E+00	1.349221E-06	-2.196212E-02
17620	5	0.000000E+00	1.288611E-06	-2.079531E-02
17621	5	0.000000E+00	1.230542E-06	-1.915776E-02
17622	5	0.000000E+00	1.174913E-06	-1.712640E-02
17623	5	0.000000E+00	1.121625E-06	-1.479278E-02
17624	5	0.000000E+00	1.070586E-06	-1.222444E-02
17625	5	0.000000E+00	1.021706E-06	-9.458565E-03
17626	5	0.000000E+00	9.748984E-07	-6.849773E-03
17627	5	0.000000E+00	9.300800E-07	-4.173619E-03
17628	5	0.000000E+00	8.871709E-07	-1.519591E-03
17629	5	0.000000E+00	8.460944E-07	1.108143E-03
17630	5	0.000000E+00	8.067766E-07	3.322957E-03
17631	5	0.000000E+00	7.691466E-07	5.590543E-03
17632	5	0.000000E+00	7.331361E-07	7.718857E-03
17633	5	0.000000E+00	6.986795E-07	9.689902E-03
17634	5	0.000000E+00	6.657137E-07	1.154419E-02
17635	5	0.000000E+00	6.341782E-07	1.325948E-02
17636	5	0.000000E+00	6.040147E-07	1.486742E-02
17637	5	0.000000E+00	5.751673E-07	1.637577E-02
17638	5	0.000000E+00	5.475822E-07	1.777256E-02
17639	5	0.000000E+00	5.212076E-07	1.911055E-02
17640	5	0.000000E+00	4.959940E-07	2.034545E-02
17641	5	0.000000E+00	4.718936E-07	2.153175E-02
17642	5	0.000000E+00	4.488605E-07	2.267053E-02
17643	5	0.000000E+00	4.268507E-07	2.373658E-02
17644	5	0.000000E+00	4.058219E-07	2.487413E-02
17645	5	0.000000E+00	3.857335E-07	2.567905E-02
17646	5	0.000000E+00	3.665463E-07	2.691404E-02
17647	5	0.000000E+00	3.482229E-07	2.780854E-02
17648	5	0.000000E+00	3.307272E-07	2.884494E-02
17649	5	0.000000E+00	3.140247E-07	2.984713E-02
17650	5	0.000000E+00	2.980821E-07	3.087414E-02
17651	5	0.000000E+00	2.828675E-07	3.193941E-02
17652	5	0.000000E+00	2.683503E-07	3.303454E-02
17653	5	0.000000E+00	2.545010E-07	3.417599E-02
17654	5	0.000000E+00	2.412914E-07	3.538719E-02
17655	5	0.000000E+00	2.286944E-07	3.665291E-02
17656	5	0.000000E+00	2.166839E-07	3.799860E-02
17657	5	0.000000E+00	2.052350E-07	3.943598E-02
17658	5	0.000000E+00	1.943236E-07	4.097701E-02
17659	5	0.000000E+00	1.839268E-07	4.263781E-02
17660	5	0.000000E+00	1.740223E-07	4.443624E-02
17661	5	0.000000E+00	1.645891E-07	4.639126E-02
17662	5	0.000000E+00	1.556068E-07	4.852447E-02
17663	5	0.000000E+00	1.470558E-07	5.086087E-02
17664	5	0.000000E+00	1.389175E-07	5.342933E-02
17665	5	0.000000E+00	1.311738E-07	5.626329E-02
17666	5	0.000000E+00	1.238074E-07	5.940159E-02
17667	5	0.000000E+00	1.168020E-07	6.288965E-02
17668	5	0.000000E+00	1.101415E-07	6.678095E-02
17669	5	0.000000E+00	1.038108E-07	7.114031E-02
17670	5	0.000000E+00	9.779535E-08	7.604514E-02
17671	5	0.000000E+00	9.208106E-08	8.158588E-02
17672	5	0.000000E+00	8.665456E-08	8.787039E-02
17673	5	0.000000E+00	8.150298E-08	9.503768E-02
17674	5	0.000000E+00	7.661400E-08	1.033215E-01
17675	5	0.000000E+00	7.197580E-08	1.128602E-01
17676	5	0.000000E+00	6.757704E-08	1.238438E-01
17677	5	0.000000E+00	6.340688E-08	1.366581E-01
17678	5	0.000000E+00	5.945490E-08	1.517873E-01
17679	5	0.000000E+00	5.571115E-08	1.698091E-01
17680	5	0.000000E+00	5.216606E-08	1.914831E-01
17681	5	0.000000E+00	4.881050E-08	2.183390E-01
17682	5	0.000000E+00	4.563569E-08	2.510253E-01
17683	5	0.000000E+00	4.263324E-08	2.912009E-01
17684	5	0.000000E+00	3.979511E-08	3.418894E-01
17685	5	0.000000E+00	3.711360E-08	4.078909E-01
17686	5	0.000000E+00	3.458134E-08	4.986150E-01
17687	5	0.000000E+00	3.219128E-08	6.228192E-01
17688	5	0.000000E+00	2.993666E-08	7.859534E-01
17689	5	0.000000E+00	2.781101E-08	1.015403E+00
17690	5	0.000000E+00	2.580815E-08	1.497951E+00
17691	5	0.000000E+00	2.392216E-08	2.124921E+00
17692	5	0.000000E+00	2.214736E-08	2.511988E+00
17693	5	0.000000E+00	2.047835E-08	7.079705E+00
17694	5	0.000000E+00	1.890994E-08	1.504226E+01
17795	5	0.000000E+00	2.759532E-13	3.123204E-04
17990	5	0.000000E+00	2.483579E-12	7.240253E-04
18185	5	0.000000E+00	6.898831E-12	1.241248E-03
18380	5	0.000000E+00	1.352171E-11	1.737282E-03
18963	5	0.000000E+00	3.708488E-11	2.922549E-03
18964	5	0.000000E+00	2.449371E-11	2.330255E-03
18965	5	0.000000E+00	2.692917E-11	2.400421E-03
19160	5	0.000000E+00	3.366810E-11	2.717904E-03
19355	5	0.000000E+00	4.115877E-11	3.003856E-03
19550	5	0.000000E+00	4.940121E-11	3.275534E-03
19745	5	0.000000E+00	5.839540E-11	3.547733E-03
19940	5	0.000000E+00	6.814135E-11	3.826626E-03
20135	5	0.000000E+00	7.863906E-11	4.102732E-03
20330	5	0.000000E+00	8.988852E-11	4.289517E-03
20525	5	0.000000E+00	2.250000E-10	6.896909E-03
20526	5	0.000000E+00	1.960000E-10	6.344776E-03
20527	5	0.000000E+00	1.690000E-10	5.974868E-03
21110	5	0.000000E+00	2.677885E-09	2.149579E-02
21111	5	0.000000E+00	1.866975E-09	1.812480E-02
21112	5	0.000000E+00	1.309008E-09	1.540472E-02
21113	5	0.000000E+00	9.231364E-10	1.310637E-02
21114	5	0.000000E+00	6.548743E-10	1.115122E-02
21115	5	0.000000E+00	4.673615E-10	9.500620E-03
21116	5	0.000000E+00	3.355599E-10	8.109647E-03
21117	5	0.000000E+00	2.423889E-10	6.946381E-03
21118	5	0.000000E+00	1.761442E-10	5.939784E-03
21119	5	0.000000E+00	1.287684E-10	5.011090E-03
23060	5	0.000000E+00	7.957448E-09	2.880474E-02
23061	5	0.000000E+00	6.992845E-09	2.787745E-02
23062	5	0.000000E+00	6.131209E-09	2.691082E-02
23063	5	0.000000E+00	5.362622E-09	2.590862E-02
23064	5	0.000000E+00	4.678059E-09	2.486889E-02
23065	5	0.000000E+00	4.069309E-09	2.379174E-02
23066	5	0.000000E+00	3.528905E-09	2.266182E-02
23067	5	0.000000E+00	3.050062E-09	2.153945E-02
23068	5	0.000000E+00	2.626617E-09	2.038599E-02
23069	5	0.000000E+00	2.252973E-09	1.916567E-02
25010	5	0.000000E+00	1.534027E-08	2.704899E-02
25011	5	0.000000E+00	1.443458E-08	2.745675E-02
25012	5	0.000000E+00	1.355645E-08	2.779152E-02
25013	5	0.000000E+00	1.270587E-08	2.805991E-02
25014	5	0.000000E+00	1.188284E-08	2.827004E-02
25015	5	0.000000E+00	1.108737E-08	2.841215E-02
25016	5	0.000000E+00	1.031946E-08	2.848355E-02
25017	5	0.000000E+00	9.579100E-09	2.848318E-02
25018	5	0.000000E+00	8.866298E-09	2.837290E-02
25019	5	0.000000E+00	8.181052E-09	2.816680E-02
28172	6	-1.133125E-04	1.352171E-11	-2.696602E+00
28173	6	-8.093750E-05	6.898831E-12	-1.978290E+00
28174	6	-4.856250E-05	2.483579E-12	-1.187065E+00
28175	6	-1.618750E-05	2.759532E-13	-3.955267E-01
27616	15	-3.319386E-04	5.000097E-10	-3.164958E+01
27617	15	-4.574562E-04	9.496462E-10	-4.447492E+01
27618	15	-5.829737E-04	1.542271E-09	-5.661990E+01
27619	15	-7.084912E-04	2.277885E-09	-6.880202E+01
27620	15	-8.340088E-04	3.156488E-09	-8.102284E+01
27621	15	-9.595263E-04	4.178079E-09	-9.330944E+01
27622	15	-1.085044E-03	5.342658E-09	-1.057282E+02
27623	15	-1.210561E-03	6.650227E-09	-1.149876E+02
27606	8	2.332595E-04	1.534027E-08	4.441406E+01
27607	8	6.020080E-04	1.443458E-08	1.118763E+02
27608	8	8.051258E-04	1.355645E-08	1.489911E+02
27609	8	8.814990E-04	1.270587E-08	1.629633E+02
27610	8	8.873667E-04	1.188284E-08	1.640418E+02
27611	8	8.564030E-04	1.108737E-08	1.583560E+02
27612	8	7.955505E-04	1.031946E-08	1.471802E+02
27613	8	6.871484E-04	9.579100E-09	1.272913E+02
27614	8	4.939068E-04	8.866298E-09	9.181879E+01
27615	8	1.867323E-04	8.181052E-09	3.540220E+01
